0.0028249125663834243
0.011178427630576762
0.025878457659458884
0.04541369903629255
0.06655350421788447
0.08551055879444017
0.09910640751110905
0.10553521731995605
0.10457320536783832
0.09731427751040855
0.08564241673093226
0.07166498813799105
0.057266435762960366
0.043851450884908535
0.03227061519090296
0.02287773297994918
0.015656070653800886
0.0103602363540382
0.006639312486735774
0.004125799826071045
0.0024889746911649605
0.001459144849982339
0.0008320176515933988
0.0004618209851179965
0.0002497118824493303
0.00013161900669394228
6.766712610389751e-5
3.395178061690486e-5
1.663421139198478e-5
7.961804752033072e-6
