pos	Md	Mn	gt
1	0.349832553776627	0.541172685636504	DDMSO
2	0.349832553776627	0.515107776033301	DDMSO
3	0.349832553776627	0.49733624675839	DDMSO
4	0.349832553776627	0.495559093830899	DDMSO
5	0.236983342880941	0.486673329193443	DDMSO
6	0.236983342880941	0.479268525328897	DDMSO
7	0.349832553776627	0.503852474159191	DDMSO
8	0.349832553776627	0.506222011395845	DDMSO
9	0.349832553776627	0.498817207531299	DDMSO
10	0.349832553776627	0.482822831183879	DDMSO
11	0.349832553776627	0.481638062565552	DDMSO
12	0.349832553776627	0.481934254720133	DDMSO
13	0.349832553776627	0.481934254720133	DDMSO
14	0.349832553776627	0.491708595821335	DDMSO
15	0.349832553776627	0.525770693598248	DDMSO
16	0.349832553776627	0.539987917018177	DDMSO
17	0.349832553776627	0.553612756128942	DDMSO
18	0.349832553776627	0.545023183646068	DDMSO
19	0.349832553776627	0.548873681655632	DDMSO
20	0.349832553776627	0.540876493481922	DDMSO
21	0.349832553776627	0.558351830602252	DDMSO
22	0.349832553776627	0.583528163741709	DDMSO
23	0.349832553776627	0.599226347934547	DDMSO
24	0.349832553776627	0.616405492900295	DDMSO
25	0.349832553776627	0.619367414446113	DDMSO
26	0.349832553776627	0.627068410465242	DDMSO
27	0.349832553776627	0.632696061402297	DDMSO
28	0.462681764672313	0.639212288803098	DDMSO
29	0.462681764672313	0.698450719719468	DDMSO
30	0.462681764672313	0.707632676511506	DDMSO
31	0.462681764672313	0.711186982366488	DDMSO
32	0.462681764672313	0.704966947120269	DDMSO
33	0.462681764672313	0.731920433187218	DDMSO
34	0.462681764672313	0.768944452509949	DDMSO
35	0.462681764672313	0.835883879445448	DDMSO
36	0.462681764672313	0.886828930033527	DDMSO
37	0.575530975567999	0.958211239287754	DDMSO
38	0.575530975567999	1.00678675263918	DDMSO
39	0.688380186463685	1.08883197945835	DDMSO
40	0.688380186463685	1.20730884129109	DDMSO
41	0.688380186463685	1.29053883672859	DDMSO
42	0.914078608255057	1.49846572924505	DDMSO
43	1.02692781915074	1.85478489120702	DDMSO
44	1.3654754518378	2.43769105142411	DDMSO
45	1.59117387362917	3.21223353565566	DDMSO
46	2.38111834989898	4.5874537093792	DDMSO
47	4.07385651333427	7.08909264697753	DDMSO
48	6.44368994214368	9.93757259759122	DDMSO
49	11.2962060106582	13.0997200399071	DDMSO
50	18.0671586643993	18.1687525734209	DDMSO
51	10.8667488867572	13.2032175241464	DDMSO
52	4.52923208022271	9.64327701581168	DDMSO
53	1.47330914224924	6.59220297142547	DDMSO
54	0.881151372747138	4.68599704662879	DDMSO
55	0.738679159854201	3.62486950520176	DDMSO
56	0.637524762852253	2.93288752710054	DDMSO
57	0.556409303721786	2.41702302792507	DDMSO
58	0.513716557062452	1.9638327556807	DDMSO
59	0.500461717885217	1.74950891918241	DDMSO
60	0.442668175336669	1.57601215859984	DDMSO
61	0.450584978756157	1.39337422079912	DDMSO
62	0.426319241161481	1.26084586762065	DDMSO
63	0.438286798581195	1.17013961667959	DDMSO
64	0.415490276479572	1.1233385446766	DDMSO
65	0.397793468407294	1.04574479598583	DDMSO
66	0.342727233090602	0.964469356656405	DDMSO
67	0.354509856596646	0.955779793705906	DDMSO
68	0.346368865125373	0.924455260434337	DDMSO
69	0.385671478995147	0.886367867650735	DDMSO
70	0.36458975827837	0.856196197752302	DDMSO
71	0.370684589322319	0.817189552773443	DDMSO
72	0.33138260342384	0.806362885831714	DDMSO
73	0.342844144990002	0.793865995029001	DDMSO
74	0.402175379255903	0.776995273574084	DDMSO
75	0.357947860226026	0.783687841759182	DDMSO
76	0.385568137226927	0.801365850904279	DDMSO
77	0.371420479744944	0.796445638343446	DDMSO
78	0.352926103573381	0.762696169333639	DDMSO
79	0.342173310145554	0.747699439097631	DDMSO
80	0.335795212909115	0.741941802390611	DDMSO
81	0.33650258932651	0.727026968340703	DDMSO
82	0.326946311940773	0.701542581872445	DDMSO
83	0.324794135109147	0.712710407326936	DDMSO
84	0.340550873117159	0.710368244469816	DDMSO
85	0.361236892020582	0.728652109651218	DDMSO
86	0.401635094104383	0.766056069587425	DDMSO
87	0.385568137226927	0.761093446058755	DDMSO
88	0.372556983915895	0.749326175968352	DDMSO
89	0.348504916001384	0.737163752676744	DDMSO
90	0.387919162453921	0.730377231842584	DDMSO
91	0.336377455554449	0.734774888173063	DDMSO
92	0.345743305543548	0.754326636962231	DDMSO
93	0.340550873117159	0.780632531580518	DDMSO
94	0.36458975827837	0.78347296439803	DDMSO
95	0.372578417255255	0.770910075051233	DDMSO
96	0.346346155391232	0.75964247371104	DDMSO
97	0.353015480237787	0.740319428790449	DDMSO
98	0.366580239215286	0.764334963087391	DDMSO
99	0.356265657357793	0.74231732855069	DDMSO
100	0.365454739911297	0.710705056520275	DDMSO
101	0.380383487090899	0.705837817672743	DDMSO
102	0.423930898073741	0.706319599570701	DDMSO
103	0.410867802437342	0.707204858031744	DDMSO
104	0.390843608467986	0.714803547719948	DDMSO
105	0.362350102781817	0.701226065109107	DDMSO
106	0.354381709048814	0.692583753261947	DDMSO
107	0.364909416129894	0.702477487651736	DDMSO
108	0.385568137226927	0.728200248495304	DDMSO
109	0.387919162453921	0.740850527675201	DDMSO
110	0.380320545007561	0.750323295376623	DDMSO
111	0.382231198195066	0.763730750408967	DDMSO
112	0.387484978588471	0.754411350646381	DDMSO
113	0.380522831641305	0.798604171288138	DDMSO
114	0.397403610435031	0.786166452805442	DDMSO
115	0.368930112543589	0.787490412254556	DDMSO
116	0.424350338492043	0.815154389182515	DDMSO
117	0.422378475066711	0.815855713303358	DDMSO
118	0.442668175336669	0.831484235127314	DDMSO
119	0.424650876759235	0.840543231101935	DDMSO
120	0.410867802437342	0.849129796380157	DDMSO
121	0.368074487150804	0.872925592549202	DDMSO
122	0.389061088992746	0.90686116502756	DDMSO
123	0.42406069932851	0.902527189067459	DDMSO
124	0.455737197847963	0.921309363839133	DDMSO
125	0.456804498077115	0.912197304406192	DDMSO
126	0.452211639329284	0.922569582109719	DDMSO
127	0.419999612292029	0.954934386695633	DDMSO
128	0.462762951154972	0.986189263078553	DDMSO
129	0.479222676406338	0.954759709073023	DDMSO
130	0.450584978756157	0.925222792232357	DDMSO
131	0.471746701285245	0.932925153958945	DDMSO
132	0.441269350297234	0.930803528652719	DDMSO
133	0.47076150107372	0.972650430027973	DDMSO
134	0.493715297668627	0.99349969748748	DDMSO
135	0.494044740694065	0.989073153174203	DDMSO
136	0.523277694087257	1.03541783780138	DDMSO
137	0.573383642405207	1.03426541007346	DDMSO
138	0.603159575476943	1.03687542914952	DDMSO
139	0.550783752348758	1.05360872908818	DDMSO
140	0.527674550947421	1.05052739632545	DDMSO
141	0.514090849635903	1.06246754450045	DDMSO
142	0.564246054478431	1.15111718757241	DDMSO
143	0.565653151871145	1.17397910110229	DDMSO
144	0.573650155386404	1.19587565059623	DDMSO
145	0.641917215655724	1.23972410527073	DDMSO
146	0.662375803083375	1.2930005934487	DDMSO
147	0.66276520684768	1.32280813686936	DDMSO
148	0.751195048432127	1.32476802254042	DDMSO
149	0.719371102688513	1.3847235766046	DDMSO
150	0.721828285909343	1.37119471253653	DDMSO
151	1.13977703004643	1.93327581217121	DDMSO
152	1.3654754518378	2.27922824872282	DDMSO
153	1.70402308452486	2.5407659212186	DDMSO
154	1.81687229542055	2.74543470003466	DDMSO
155	1.92972150631623	2.87931355390565	DDMSO
156	2.04257071721192	3.01378479208582	DDMSO
157	2.04257071721192	3.08575948564921	DDMSO
158	2.1554199281076	3.14884841457514	DDMSO
159	2.04257071721192	3.10590055216077	DDMSO
160	2.1554199281076	3.14884841457514	DDMSO
161	2.1554199281076	3.20245919455446	DDMSO
162	2.1554199281076	3.25962428038875	DDMSO
163	2.1554199281076	3.25458901376086	DDMSO
164	2.1554199281076	3.2409641746501	DDMSO
165	2.1554199281076	3.22496979830268	DDMSO
166	2.1554199281076	3.193573429917	DDMSO
167	2.1554199281076	3.16454659876798	DDMSO
168	2.26826913900329	3.11626727757114	DDMSO
169	2.26826913900329	3.10205005415121	DDMSO
170	2.1554199281076	3.08872140719502	DDMSO
171	2.04257071721192	3.03155632136073	DDMSO
172	1.92972150631623	2.95958162779734	DDMSO
173	2.04257071721192	2.92463095355668	DDMSO
174	1.92972150631623	2.86746586772238	DDMSO
175	2.1554199281076	2.79489878984983	DDMSO
176	2.04257071721192	2.71877740612229	DDMSO
177	2.04257071721192	2.71433452380356	DDMSO
178	1.92972150631623	2.68086481033581	DDMSO
179	1.92972150631623	2.64857986548639	DDMSO
180	1.92972150631623	2.58786047379711	DDMSO
181	1.81687229542055	2.58993381887918	DDMSO
182	1.70402308452486	2.53543446243612	DDMSO
183	1.70402308452486	2.49100563924884	DDMSO
184	1.70402308452486	2.42347382800418	DDMSO
185	1.70402308452486	2.48241606676597	DDMSO
186	1.59117387362917	2.47915795306557	DDMSO
187	1.70402308452486	2.47767699229266	DDMSO
188	1.70402308452486	2.45131589053488	DDMSO
189	1.59117387362917	2.37134400879778	DDMSO
190	1.59117387362917	2.27774728794991	DDMSO
191	1.47832466273349	2.25197857050129	DDMSO
192	1.59117387362917	2.26589960176664	DDMSO
193	1.59117387362917	2.27330440563118	DDMSO
194	1.59117387362917	2.27330440563118	DDMSO
195	1.47832466273349	2.24161184509092	DDMSO
196	1.47832466273349	2.18355818279288	DDMSO
197	1.47832466273349	2.16756380644546	DDMSO
198	1.3654754518378	2.17200668876419	DDMSO
199	1.3654754518378	2.15867804180801	DDMSO
200	1.3654754518378	2.1539389673347	DDMSO
1	0.236983342880941	0.452083355047668	ODMSO
2	0.236983342880941	0.448287838489331	ODMSO
3	0.236983342880941	0.443496776604217	ODMSO
4	0.236983342880941	0.43864349313618	ODMSO
5	0.236983342880941	0.439908665322292	ODMSO
6	0.236983342880941	0.442874560774982	ODMSO
7	0.236983342880941	0.445923418338236	ODMSO
8	0.236983342880941	0.449947080700626	ODMSO
9	0.236983342880941	0.450859663916838	ODMSO
10	0.236983342880941	0.450009302283549	ODMSO
11	0.236983342880941	0.444036030322888	ODMSO
12	0.236983342880941	0.448163395323484	ODMSO
13	0.236983342880941	0.450714480223349	ODMSO
14	0.236983342880941	0.448993016429131	ODMSO
15	0.236983342880941	0.450735220750991	ODMSO
16	0.236983342880941	0.447873027936507	ODMSO
17	0.236983342880941	0.452166317158232	ODMSO
18	0.236983342880941	0.451502620273714	ODMSO
19	0.236983342880941	0.454032964645939	ODMSO
20	0.236983342880941	0.455837390550722	ODMSO
21	0.236983342880941	0.461623997762613	ODMSO
22	0.236983342880941	0.468468371884204	ODMSO
23	0.236983342880941	0.472450553191311	ODMSO
24	0.236983342880941	0.474856454397688	ODMSO
25	0.236983342880941	0.475686075503336	ODMSO
26	0.236983342880941	0.480020845780343	ODMSO
27	0.236983342880941	0.484791167137816	ODMSO
28	0.236983342880941	0.487528916786452	ODMSO
29	0.236983342880941	0.486574852514958	ODMSO
30	0.349832553776627	0.498065104828174	ODMSO
31	0.349832553776627	0.509576097669032	ODMSO
32	0.349832553776627	0.521066349982248	ODMSO
33	0.349832553776627	0.533282520762906	ODMSO
34	0.349832553776627	0.538467652673202	ODMSO
35	0.349832553776627	0.557797824434786	ODMSO
36	0.349832553776627	0.581276101724607	ODMSO
37	0.349832553776627	0.61108023994499	ODMSO
38	0.349832553776627	0.644472489447297	ODMSO
39	0.349832553776627	0.690329796061957	ODMSO
40	0.462681764672313	0.75866983463966	ODMSO
41	0.462681764672313	0.858763621036018	ODMSO
42	0.462681764672313	0.995153330804449	ODMSO
43	0.575530975567999	1.1883098647268	ODMSO
44	0.688380186463685	1.50499698128005	ODMSO
45	0.801229397359371	2.02475460396814	ODMSO
46	1.02692781915074	2.91394250500101	ODMSO
47	1.70402308452486	4.38981771142008	ODMSO
48	2.71966598258604	6.20484202582779	ODMSO
49	4.97665020049976	8.32218027113342	ODMSO
50	8.47497573826602	11.9619562074126	ODMSO
51	3.82134487304125	7.53967126538505	ODMSO
52	0.972671846225451	4.58222250496579	ODMSO
53	0.542066571204907	2.8318781036168	ODMSO
54	0.428709143219904	1.97035656853865	ODMSO
55	0.382381623696126	1.52676107105394	ODMSO
56	0.354668948529299	1.27623805955297	ODMSO
57	0.34141447176293	1.10839419169186	ODMSO
58	0.331603065862708	0.992734967686697	ODMSO
59	0.32194822325519	0.911089092771352	ODMSO
60	0.315977790507921	0.844542408419789	ODMSO
61	0.305518595351736	0.798001066566311	ODMSO
62	0.296468265912396	0.762751408426926	ODMSO
63	0.285522099856555	0.733891436070211	ODMSO
64	0.282123027239215	0.713025164827373	ODMSO
65	0.289211545511557	0.69208216300347	ODMSO
66	0.275562026605745	0.672872893382779	ODMSO
67	0.281426427171958	0.663624315295137	ODMSO
68	0.277439561964888	0.648419189984019	ODMSO
69	0.277318012176747	0.641300575326513	ODMSO
70	0.273649002245217	0.635724442459274	ODMSO
71	0.27330668263799	0.633296912341434	ODMSO
72	0.274311177642487	0.624224024133864	ODMSO
73	0.26886892528838	0.621438244134103	ODMSO
74	0.268939708209345	0.614697503594115	ODMSO
75	0.258922702965306	0.607947445478078	ODMSO
76	0.263562301762951	0.602733127136494	ODMSO
77	0.261839672339664	0.59657685455852	ODMSO
78	0.258612774969281	0.600540815643785	ODMSO
79	0.263227951511878	0.602748773441001	ODMSO
80	0.262510196468575	0.601919653354646	ODMSO
81	0.264627025549962	0.599138723736431	ODMSO
82	0.258085639268161	0.597249598364879	ODMSO
83	0.266189168557931	0.590772381080668	ODMSO
84	0.268846649486782	0.590443852031087	ODMSO
85	0.25845284128037	0.587942060900967	ODMSO
86	0.263227951511878	0.587013039525694	ODMSO
87	0.268058242890046	0.584754427790279	ODMSO
88	0.268939708209345	0.584857443700814	ODMSO
89	0.263439383051188	0.584571687311094	ODMSO
90	0.25863010013676	0.586852847573533	ODMSO
91	0.264115174436712	0.589488723687541	ODMSO
92	0.266859826812661	0.592431168500514	ODMSO
93	0.261893696835787	0.584440078649544	ODMSO
94	0.263435115430313	0.585819962103246	ODMSO
95	0.263339141133437	0.585306422163828	ODMSO
96	0.271324059689389	0.589424207805802	ODMSO
97	0.272643693523978	0.593498633151511	ODMSO
98	0.272194234005904	0.591581523796288	ODMSO
99	0.273331658118447	0.592434245103918	ODMSO
100	0.269273859661984	0.59707524207336	ODMSO
101	0.276156679231135	0.597576920384236	ODMSO
102	0.275806840062218	0.599989605031569	ODMSO
103	0.278981345421407	0.60738611023227	ODMSO
104	0.275982065058592	0.608564181801987	ODMSO
105	0.277572655832131	0.610849883838431	ODMSO
106	0.281050316109028	0.608845417419047	ODMSO
107	0.279174006048561	0.607321563062693	ODMSO
108	0.276606655198225	0.597596154388416	ODMSO
109	0.282123027239215	0.605221634103054	ODMSO
110	0.275853626633899	0.612718439559905	ODMSO
111	0.277207991921459	0.614263773082591	ODMSO
112	0.285671744562979	0.614244376670378	ODMSO
113	0.282123027239215	0.616167687084534	ODMSO
114	0.279866043021302	0.622986013639917	ODMSO
115	0.292572028248075	0.627639796572238	ODMSO
116	0.292572028248075	0.629425095121754	ODMSO
117	0.293081347413777	0.631114733137588	ODMSO
118	0.291803719350365	0.639784193662933	ODMSO
119	0.2898144947212	0.639705372915058	ODMSO
120	0.291926530116254	0.638683415377119	ODMSO
121	0.293355091555531	0.634775120639192	ODMSO
122	0.301325118098429	0.640571400875027	ODMSO
123	0.306265584582424	0.644291941798095	ODMSO
124	0.305271583320382	0.654378969916406	ODMSO
125	0.309857155340697	0.661067828369731	ODMSO
126	0.321858664878541	0.668413095252956	ODMSO
127	0.322807435422648	0.677157391337357	ODMSO
128	0.322841814675803	0.677716903332331	ODMSO
129	0.315977790507921	0.684696052069469	ODMSO
130	0.32024776064992	0.693580340346894	ODMSO
131	0.324406822476542	0.70272898870015	ODMSO
132	0.329724031835132	0.71037966196571	ODMSO
133	0.334175246287041	0.71478015540248	ODMSO
134	0.339424374614106	0.721194107051966	ODMSO
135	0.335242425673377	0.728232531436924	ODMSO
136	0.349485735870801	0.73671363694884	ODMSO
137	0.343640589948384	0.745021987529708	ODMSO
138	0.343638574531976	0.7536621824922	ODMSO
139	0.355338345726901	0.77014318121384	ODMSO
140	0.356291219305877	0.781840934118967	ODMSO
141	0.366412538293835	0.792744572425337	ODMSO
142	0.387195239730067	0.804484607780747	ODMSO
143	0.390242031690172	0.818320306217846	ODMSO
144	0.391743119148428	0.83145870945613	ODMSO
145	0.399610918636678	0.853679315115589	ODMSO
146	0.415419686898111	0.877354165497324	ODMSO
147	0.423096542409902	0.891363257235627	ODMSO
148	0.437290692220784	0.902515619118802	ODMSO
149	0.438601887086911	0.920796964745684	ODMSO
150	0.423184540858823	0.927689803248036	ODMSO
151	0.575530975567999	1.1966682973662	ODMSO
152	0.688380186463685	1.40202026154157	ODMSO
153	0.801229397359371	1.55572831189039	ODMSO
154	0.801229397359371	1.66144278127751	ODMSO
155	0.914078608255057	1.73760199877594	ODMSO
156	0.914078608255057	1.79671250255331	ODMSO
157	0.914078608255057	1.83499951657894	ODMSO
158	0.914078608255057	1.86538438957328	ODMSO
159	0.914078608255057	1.88933969899885	ODMSO
160	0.914078608255057	1.91242390626348	ODMSO
161	0.914078608255057	1.93312295284939	ODMSO
162	1.02692781915074	1.94334803297649	ODMSO
163	1.02692781915074	1.93530070825171	ODMSO
164	1.02692781915074	1.9287467015171	ODMSO
165	1.02692781915074	1.9368562478248	ODMSO
166	1.02692781915074	1.94791094905755	ODMSO
167	1.02692781915074	1.93208592646733	ODMSO
168	1.02692781915074	1.91445647797232	ODMSO
169	1.02692781915074	1.89361224769293	ODMSO
170	0.914078608255057	1.88278569226423	ODMSO
171	1.02692781915074	1.87569243181095	ODMSO
172	1.02692781915074	1.85992963080365	ODMSO
173	0.914078608255057	1.83651357509675	ODMSO
174	0.914078608255057	1.8112101313745	ODMSO
175	0.914078608255057	1.78922517207485	ODMSO
176	0.914078608255057	1.77856454086728	ODMSO
177	0.914078608255057	1.76867130918243	ODMSO
178	0.914078608255057	1.75066853118988	ODMSO
179	0.914078608255057	1.73324648797129	ODMSO
180	0.914078608255057	1.72320807259296	ODMSO
181	0.914078608255057	1.70842007638479	ODMSO
182	0.914078608255057	1.67830483024979	ODMSO
183	0.914078608255057	1.65652727622655	ODMSO
184	0.801229397359371	1.64731848195386	ODMSO
185	0.801229397359371	1.64176002054602	ODMSO
186	0.801229397359371	1.62848608285567	ODMSO
187	0.801229397359371	1.60305819596757	ODMSO
188	0.801229397359371	1.57673846639091	ODMSO
189	0.801229397359371	1.57184370186759	ODMSO
190	0.801229397359371	1.56723930473125	ODMSO
191	0.801229397359371	1.55825865626261	ODMSO
192	0.801229397359371	1.53544407585731	ODMSO
193	0.801229397359371	1.52005460434755	ODMSO
194	0.801229397359371	1.49213785414252	ODMSO
195	0.801229397359371	1.46986252745588	ODMSO
196	0.801229397359371	1.44657091491483	ODMSO
197	0.688380186463685	1.43947765446155	ODMSO
198	0.801229397359371	1.43367030672202	ODMSO
199	0.688380186463685	1.42819480742474	ODMSO
200	0.688380186463685	1.41297126013612	ODMSO
1	0.528529466278312	0.707514222479084	DIAA
2	0.399619840356772	0.692965367060118	DIAA
3	0.528529466278312	0.665221038121624	DIAA
4	0.399619840356772	0.665221038121624	DIAA
5	0.528529466278312	0.661837583373027	DIAA
6	0.399619840356772	0.653717291976395	DIAA
7	0.399619840356772	0.652702255551816	DIAA
8	0.399619840356772	0.651010528177517	DIAA
9	0.399619840356772	0.641536854881446	DIAA
10	0.399619840356772	0.640521818456867	DIAA
11	0.399619840356772	0.638830091082569	DIAA
12	0.528529466278312	0.651687219127237	DIAA
13	0.528529466278312	0.676048093317134	DIAA
14	0.528529466278312	0.688566875886942	DIAA
15	0.528529466278312	0.716987895775156	DIAA
16	0.528529466278312	0.721386386948331	DIAA
17	0.528529466278312	0.753867552534861	DIAA
18	0.528529466278312	0.735935242367298	DIAA
19	0.528529466278312	0.765032953205231	DIAA
20	0.528529466278312	0.753867552534861	DIAA
21	0.528529466278312	0.759619425607476	DIAA
22	0.528529466278312	0.774168281026442	DIAA
23	0.528529466278312	0.794130664043163	DIAA
24	0.657439092199851	0.822890029406237	DIAA
25	0.528529466278312	0.833378739126887	DIAA
26	0.528529466278312	0.839807303149221	DIAA
27	0.528529466278312	0.865859904713416	DIAA
28	0.528529466278312	0.88379221488098	DIAA
29	0.528529466278312	0.898679415774806	DIAA
30	0.657439092199851	0.901724525048543	DIAA
31	0.528529466278312	0.924732017339001	DIAA
32	0.657439092199851	0.955183110076373	DIAA
33	0.657439092199851	0.993754494210377	DIAA
34	0.657439092199851	1.04619804281363	DIAA
35	0.657439092199851	1.06785215320465	DIAA
36	0.657439092199851	1.11928066538332	DIAA
37	0.657439092199851	1.16766406828825	DIAA
38	0.786348718121391	1.22890459923786	DIAA
39	0.91525834404293	1.34597213353931	DIAA
40	0.91525834404293	1.45018253979609	DIAA
41	1.04416796996447	1.51582156191887	DIAA
42	1.17307759588601	1.66435522538227	DIAA
43	1.30198722180755	1.9292797321974	DIAA
44	1.55980647365063	2.31397853711286	DIAA
45	1.68871609957217	2.76194794582708	DIAA
46	2.07544497733679	3.59055601375845	DIAA
47	2.84890273286602	5.02649420906295	DIAA
48	4.00908936615988	6.555139064479	DIAA
49	5.81382412906143	8.03100202581694	DIAA
50	8.6498358993353	10.2160371024608	DIAA
51	5.57715034392357	7.44479633386647	DIAA
52	2.87517418827535	5.67826154786995	DIAA
53	1.27945815634276	4.17513221300827	DIAA
54	0.905253417852005	3.20111912232323	DIAA
55	0.724121972769141	2.59982939972906	DIAA
56	0.638335617515093	2.21731978873814	DIAA
57	0.596447522920556	1.89895961413651	DIAA
58	0.540026811292936	1.60945240643944	DIAA
59	0.503748780906987	1.46284045027412	DIAA
60	0.433771727034564	1.3165368821135	DIAA
61	0.416057522815551	1.19244541649339	DIAA
62	0.39554949365091	1.09935285343583	DIAA
63	0.416258313693288	1.03658103430305	DIAA
64	0.384249846496897	0.989332119883814	DIAA
65	0.345022822319414	0.969857771481815	DIAA
66	0.363521037516396	0.922288769985712	DIAA
67	0.340642016683861	0.878540443263012	DIAA
68	0.349701644787155	0.850232398357364	DIAA
69	0.363821592322115	0.802920245474333	DIAA
70	0.373159443457088	0.814798100660402	DIAA
71	0.365824614101666	0.796378364807668	DIAA
72	0.342319820030882	0.771974830536444	DIAA
73	0.330461165757295	0.758698052976053	DIAA
74	0.381814434547668	0.749275233565427	DIAA
75	0.360232441951646	0.74203461669713	DIAA
76	0.347495513353715	0.71526797506586	DIAA
77	0.331792708068097	0.679587597058153	DIAA
78	0.309339068180637	0.670074320730874	DIAA
79	0.338886129999923	0.665601114046317	DIAA
80	0.319736473742401	0.671884540386293	DIAA
81	0.338467595307085	0.664743059281431	DIAA
82	0.352759449312321	0.663872156232658	DIAA
83	0.339015574663789	0.674023742173992	DIAA
84	0.349701644787155	0.683992577057413	DIAA
85	0.340127745389226	0.679515162091354	DIAA
86	0.353461877526802	0.675660382476234	DIAA
87	0.354079947537165	0.651325517683239	DIAA
88	0.340127745389226	0.638427333696115	DIAA
89	0.339059172345716	0.62006188402763	DIAA
90	0.350710011698306	0.638869515817213	DIAA
91	0.338800939921995	0.624887126355783	DIAA
92	0.30157756522929	0.630220646282129	DIAA
93	0.323161872144906	0.658289778933789	DIAA
94	0.334210141278065	0.679196171105371	DIAA
95	0.326986733917966	0.674267064307197	DIAA
96	0.33073375900495	0.658885371052548	DIAA
97	0.348150084605618	0.659802589066261	DIAA
98	0.351310354317844	0.684367434847359	DIAA
99	0.375046442915479	0.678101460389305	DIAA
100	0.378672026144522	0.667563954583898	DIAA
101	0.348229023043085	0.652840853049054	DIAA
102	0.375105878706119	0.649538959953615	DIAA
103	0.353381600016575	0.668282419264226	DIAA
104	0.342628216265144	0.666441829019025	DIAA
105	0.364440764871642	0.661596781483787	DIAA
106	0.37262938742945	0.651651618105899	DIAA
107	0.36001787419529	0.66192535048832	DIAA
108	0.370835910185251	0.675763662222558	DIAA
109	0.372203849491769	0.695101682396675	DIAA
110	0.342628216265144	0.679329925077123	DIAA
111	0.348055989988157	0.695963809864506	DIAA
112	0.370835910185251	0.702840607995478	DIAA
113	0.364050332463607	0.718724199229346	DIAA
114	0.373159443457088	0.70616527990725	DIAA
115	0.352759449312321	0.695171402519107	DIAA
116	0.383244833820793	0.714700821249767	DIAA
117	0.393349613839139	0.732203246797256	DIAA
118	0.378038341185638	0.722702225992581	DIAA
119	0.373476486314741	0.736951426801614	DIAA
120	0.347851371534313	0.756826537688457	DIAA
121	0.364309812386959	0.788752091165947	DIAA
122	0.378205927290467	0.799218080311918	DIAA
123	0.421126209369618	0.823726138322051	DIAA
124	0.428406425994891	0.813174096134571	DIAA
125	0.409712764556831	0.81139934468759	DIAA
126	0.414899152312793	0.808277311102804	DIAA
127	0.398103256522401	0.809446904580803	DIAA
128	0.425053361146698	0.848178238362855	DIAA
129	0.442744635518001	0.84932963237004	DIAA
130	0.393822576344741	0.802633160039482	DIAA
131	0.40160306537095	0.82072154512948	DIAA
132	0.422186537109005	0.814733752258052	DIAA
133	0.412913645529931	0.832782548934954	DIAA
134	0.439142681710739	0.845118353445798	DIAA
135	0.429698753071798	0.874309740636906	DIAA
136	0.444420766025008	0.888898970538765	DIAA
137	0.468259644142577	0.874820793881761	DIAA
138	0.520388942162329	0.905970663529322	DIAA
139	0.497222842840224	0.938506130201662	DIAA
140	0.464598144184229	0.915341576630717	DIAA
141	0.466474772478844	0.939772837793041	DIAA
142	0.491618076495809	1.00597197228414	DIAA
143	0.539076617490074	1.0164143797309	DIAA
144	0.493816811523891	0.984363212225039	DIAA
145	0.525815579416806	1.00182435809707	DIAA
146	0.542309460773373	1.04994258186268	DIAA
147	0.574695622950706	1.07752942571696	DIAA
148	0.616524297885624	1.11692993637072	DIAA
149	0.589486229088447	1.14132704171114	DIAA
150	0.596447522920556	1.12266225683846	DIAA
151	0.91525834404293	1.52326516236578	DIAA
152	1.17307759588601	1.76281375856644	DIAA
153	1.43089684772909	1.97360298940402	DIAA
154	1.43089684772909	2.12416672571658	DIAA
155	1.55980647365063	2.24089591454317	DIAA
156	1.43089684772909	2.2994296816939	DIAA
157	1.55980647365063	2.35491833957088	DIAA
158	1.68871609957217	2.37589575901218	DIAA
159	1.55980647365063	2.37961755923564	DIAA
160	1.68871609957217	2.36540704929153	DIAA
161	1.55980647365063	2.4060085062747	DIAA
162	1.55980647365063	2.41176037934731	DIAA
163	1.55980647365063	2.42630923476628	DIAA
164	1.55980647365063	2.43679794448693	DIAA
165	1.55980647365063	2.4428881630344	DIAA
166	1.68871609957217	2.40499346985012	DIAA
167	1.55980647365063	2.37048223141443	DIAA
168	1.55980647365063	2.35085819387257	DIAA
169	1.68871609957217	2.34476797532509	DIAA
170	1.68871609957217	2.31093342783913	DIAA
171	1.55980647365063	2.3153319190123	DIAA
172	1.55980647365063	2.28623420817437	DIAA
173	1.55980647365063	2.28149737152633	DIAA
174	1.43089684772909	2.19894107566057	DIAA
175	1.55980647365063	2.14446745420816	DIAA
176	1.55980647365063	2.08864045085631	DIAA
177	1.55980647365063	2.07341490448763	DIAA
178	1.55980647365063	2.07003144973903	DIAA
179	1.43089684772909	2.04431719364969	DIAA
180	1.43089684772909	2.05615928526978	DIAA
181	1.43089684772909	2.0392420115268	DIAA
182	1.55980647365063	2.02097135588438	DIAA
183	1.30198722180755	1.97123457108	DIAA
184	1.30198722180755	1.92488124102423	DIAA
185	1.30198722180755	1.92860304124768	DIAA
186	1.30198722180755	1.90221209420863	DIAA
187	1.30198722180755	1.94281355119179	DIAA
188	1.30198722180755	1.93976844191805	DIAA
189	1.30198722180755	1.93130980504656	DIAA
190	1.30198722180755	1.84841516370594	DIAA
191	1.17307759588601	1.84097156325902	DIAA
192	1.17307759588601	1.80612197934848	DIAA
193	1.17307759588601	1.83521969018641	DIAA
194	1.17307759588601	1.79427988772839	DIAA
195	1.17307759588601	1.79258816035409	DIAA
196	1.17307759588601	1.75875361286812	DIAA
197	1.17307759588601	1.78176110515858	DIAA
198	1.17307759588601	1.77364081376195	DIAA
199	1.17307759588601	1.81085881599651	DIAA
200	1.17307759588601	1.77127239543793	DIAA
1	0.399619840356772	0.600222266873529	OIAA
2	0.399619840356772	0.595483813430356	OIAA
3	0.399619840356772	0.59477304541388	OIAA
4	0.399619840356772	0.598184731892965	OIAA
5	0.399619840356772	0.600980419424437	OIAA
6	0.399619840356772	0.602496724526253	OIAA
7	0.399619840356772	0.602473032259037	OIAA
8	0.399619840356772	0.606216410479144	OIAA
9	0.399619840356772	0.606169025944712	OIAA
10	0.399619840356772	0.604984412583919	OIAA
11	0.399619840356772	0.605363488859373	OIAA
12	0.399619840356772	0.609580712423797	OIAA
13	0.399619840356772	0.608277637726925	OIAA
14	0.399619840356772	0.611784093274873	OIAA
15	0.399619840356772	0.611310247930556	OIAA
16	0.399619840356772	0.61116809432726	OIAA
17	0.399619840356772	0.609225328415559	OIAA
18	0.399619840356772	0.617754544613272	OIAA
19	0.399619840356772	0.628439757127628	OIAA
20	0.399619840356772	0.633272979639666	OIAA
21	0.399619840356772	0.636352974377728	OIAA
22	0.399619840356772	0.641802195837378	OIAA
23	0.399619840356772	0.647251417297028	OIAA
24	0.399619840356772	0.65085264191384	OIAA
25	0.399619840356772	0.656538786045648	OIAA
26	0.399619840356772	0.664452003295748	OIAA
27	0.399619840356772	0.672933834959029	OIAA
28	0.399619840356772	0.678714748159701	OIAA
29	0.399619840356772	0.679141208969587	OIAA
30	0.399619840356772	0.683571662938954	OIAA
31	0.399619840356772	0.6925984167482	OIAA
32	0.528529466278312	0.707382391490902	OIAA
33	0.528529466278312	0.728231586640866	OIAA
34	0.528529466278312	0.744223867011577	OIAA
35	0.528529466278312	0.765120446695973	OIAA
36	0.528529466278312	0.788812713911841	OIAA
37	0.528529466278312	0.821081581859854	OIAA
38	0.528529466278312	0.856406752278713	OIAA
39	0.528529466278312	0.912012503434356	OIAA
40	0.657439092199851	0.981999460790031	OIAA
41	0.657439092199851	1.07560760855993	OIAA
42	0.657439092199851	1.19196033285706	OIAA
43	0.786348718121391	1.33766777623465	OIAA
44	0.91525834404293	1.55452309806149	OIAA
45	1.04416796996447	1.87996008053866	OIAA
46	1.30198722180755	2.39296874256385	OIAA
47	1.68871609957217	3.25619649857401	OIAA
48	2.20435460325832	4.21717854911685	OIAA
49	3.49345086247372	5.54619627859098	OIAA
50	5.04036637353219	7.77876600287668	OIAA
51	2.66413226904515	5.29500307537037	OIAA
52	1.0132554048897	3.538462507206	OIAA
53	0.669024640858622	2.40109812359698	OIAA
54	0.547477628160755	1.8292046409447	OIAA
55	0.501648311725681	1.50378798097482	OIAA
56	0.456064081262888	1.31540874634848	OIAA
57	0.440918041663751	1.18973983949952	OIAA
58	0.412827145589225	1.09979591490653	OIAA
59	0.400367780165873	1.04010485049096	OIAA
60	0.393676103113683	0.977912682969628	OIAA
61	0.387320206323892	0.940468108127601	OIAA
62	0.378052268327592	0.904472754231324	OIAA
63	0.370633632374644	0.871701710637667	OIAA
64	0.349488319165063	0.8401668882807	OIAA
65	0.352622743552193	0.820933731903994	OIAA
66	0.351571707058744	0.812903171299598	OIAA
67	0.349701644787155	0.795394967563301	OIAA
68	0.348603645261679	0.777128348014553	OIAA
69	0.346623660811251	0.768208917180083	OIAA
70	0.347064377481068	0.768094579827398	OIAA
71	0.345855093935838	0.758175483580414	OIAA
72	0.342671157512953	0.751280228161919	OIAA
73	0.344739303795245	0.743268503654961	OIAA
74	0.3418907470093	0.738812173250637	OIAA
75	0.334474652668076	0.732409019714416	OIAA
76	0.330134407847845	0.722823293647789	OIAA
77	0.330398621059408	0.711637282223679	OIAA
78	0.334758139050196	0.715142415403418	OIAA
79	0.333198609373471	0.715603831735064	OIAA
80	0.332581337665379	0.717636557780386	OIAA
81	0.340279332705633	0.721406297428091	OIAA
82	0.34066547324305	0.71885427629008	OIAA
83	0.341154767590337	0.713370176795552	OIAA
84	0.338660881658282	0.705652162688222	OIAA
85	0.33860552079053	0.70130482956389	OIAA
86	0.337488720223773	0.706605724488328	OIAA
87	0.343383719703664	0.707019657628791	OIAA
88	0.347821608850117	0.701145847569304	OIAA
89	0.341555419108352	0.70546031058892	OIAA
90	0.349565742363814	0.708861315679679	OIAA
91	0.350019514091597	0.707981201261337	OIAA
92	0.356197650572675	0.709375065069307	OIAA
93	0.347211938866051	0.704826370180089	OIAA
94	0.340244737562428	0.700921586308525	OIAA
95	0.346214423903563	0.703354923412771	OIAA
96	0.351220837091619	0.704009741148203	OIAA
97	0.345855093935838	0.701662909836015	OIAA
98	0.351011879499733	0.700925830294273	OIAA
99	0.343399421910935	0.700621261954622	OIAA
100	0.338954917019369	0.697890737566378	OIAA
101	0.354501471284234	0.696372733625935	OIAA
102	0.346566079738812	0.698056018942689	OIAA
103	0.345855093935838	0.707215375262141	OIAA
104	0.349462540462216	0.71032674487654	OIAA
105	0.357303854456441	0.709013428139978	OIAA
106	0.354211134288915	0.713972627559987	OIAA
107	0.362006483752268	0.718635148166264	OIAA
108	0.358924840801149	0.715732484897188	OIAA
109	0.360337930725563	0.721411321828285	OIAA
110	0.360946952580311	0.728702216568572	OIAA
111	0.360408582912889	0.733650837441354	OIAA
112	0.360710421156601	0.729275264225508	OIAA
113	0.366030283755965	0.73119914073426	OIAA
114	0.3673353942189	0.737248324255586	OIAA
115	0.373476486314741	0.745791205487384	OIAA
116	0.383244833820793	0.753559527113457	OIAA
117	0.380869349313639	0.756432470709073	OIAA
118	0.384786736507797	0.764657057847256	OIAA
119	0.379697443623444	0.766210794105953	OIAA
120	0.368686759735032	0.761357167179509	OIAA
121	0.371793580102386	0.760113888331972	OIAA
122	0.375986408937823	0.764985438710548	OIAA
123	0.386728877764618	0.774196025219168	OIAA
124	0.392673739154204	0.777674884137965	OIAA
125	0.392333644109033	0.782303576176045	OIAA
126	0.393650199961748	0.791116790012466	OIAA
127	0.405603495890202	0.797283079884477	OIAA
128	0.405696506646807	0.807007778013497	OIAA
129	0.405235705248404	0.819234161562314	OIAA
130	0.41915399839519	0.828476702270906	OIAA
131	0.415206383659596	0.836832935427871	OIAA
132	0.423100691604285	0.836741553734808	OIAA
133	0.428681714602989	0.843737476297344	OIAA
134	0.428726583947201	0.850961173778944	OIAA
135	0.429698753071798	0.858423336423065	OIAA
136	0.439427781443235	0.87102470346122	OIAA
137	0.435881468943335	0.880716761710467	OIAA
138	0.440441221898593	0.890645089195163	OIAA
139	0.453406270482656	0.903962971472971	OIAA
140	0.457179487279878	0.918509029325624	OIAA
141	0.458830871924124	0.93120943238307	OIAA
142	0.485670583268973	0.953327832823328	OIAA
143	0.485221625659727	0.96796760377117	OIAA
144	0.498296401544247	0.981166920777037	OIAA
145	0.51184704410023	0.996143110524063	OIAA
146	0.521815761927039	1.01406879538897	OIAA
147	0.518530706831834	1.02091866286756	OIAA
148	0.531931913653936	1.03210381510008	OIAA
149	0.53820231195363	1.03637372275196	OIAA
150	0.505667593393884	1.03627207352253	OIAA
151	0.657439092199851	1.30103953111891	OIAA
152	0.786348718121391	1.5200508492624	OIAA
153	0.91525834404293	1.68118195859752	OIAA
154	1.04416796996447	1.77765687070054	OIAA
155	1.04416796996447	1.84181553032111	OIAA
156	1.04416796996447	1.89194836774989	OIAA
157	1.04416796996447	1.93843259602742	OIAA
158	1.17307759588601	1.96511008891249	OIAA
159	1.17307759588601	1.98993958495472	OIAA
160	1.17307759588601	2.00581340398935	OIAA
161	1.17307759588601	2.03450473958776	OIAA
162	1.17307759588601	2.03929057756537	OIAA
163	1.17307759588601	2.04260749497559	OIAA
164	1.17307759588601	2.03192228246124	OIAA
165	1.17307759588601	2.03857980954889	OIAA
166	1.17307759588601	2.04407641554298	OIAA
167	1.17307759588601	2.04315241712156	OIAA
168	1.17307759588601	2.02175829982563	OIAA
169	1.17307759588601	1.99612326669806	OIAA
170	1.17307759588601	1.98640943713955	OIAA
171	1.17307759588601	1.97994144818962	OIAA
172	1.17307759588601	1.96657900947987	OIAA
173	1.04416796996447	1.93703475226168	OIAA
174	1.04416796996447	1.92471477330943	OIAA
175	1.17307759588601	1.89896127884578	OIAA
176	1.17307759588601	1.89206682908596	OIAA
177	1.17307759588601	1.87801731462695	OIAA
178	1.04416796996447	1.8588265781821	OIAA
179	1.04416796996447	1.83480261922521	OIAA
180	1.04416796996447	1.83079862606573	OIAA
181	1.04416796996447	1.8237383304354	OIAA
182	1.04416796996447	1.80992573864855	OIAA
183	1.04416796996447	1.79106669394472	OIAA
184	1.04416796996447	1.78744177706069	OIAA
185	1.04416796996447	1.76839319421913	OIAA
186	1.04416796996447	1.75133476182371	OIAA
187	0.91525834404293	1.72399388545659	OIAA
188	0.91525834404293	1.70421084233134	OIAA
189	0.91525834404293	1.69366778342028	OIAA
190	0.91525834404293	1.69601331787465	OIAA
191	1.04416796996447	1.68696287179819	OIAA
192	1.04416796996447	1.68217703382059	OIAA
193	0.91525834404293	1.66310475871181	OIAA
194	0.91525834404293	1.63462665351834	OIAA
195	0.91525834404293	1.60816239103821	OIAA
196	0.91525834404293	1.6045611664214	OIAA
197	0.91525834404293	1.59174364985762	OIAA
198	0.91525834404293	1.58764488762927	OIAA
199	0.91525834404293	1.56987568721737	OIAA
200	0.91525834404293	1.5684304589172	OIAA
