pos	Md	Mn	gt
1	0.666197119733364	1.2633081042777	DDMSO
2	0.666197119733364	1.20810928985908	DDMSO
3	0.666197119733364	1.15072004629685	DDMSO
4	0.546161602664289	1.13013001234705	DDMSO
5	0.666197119733364	1.11830169497163	DDMSO
6	0.666197119733364	1.14020598640759	DDMSO
7	0.666197119733364	1.18708117008055	DDMSO
8	0.666197119733364	1.1835764834508	DDMSO
9	0.726214878267901	1.1699958227605	DDMSO
10	0.606179361198826	1.16123410618612	DDMSO
11	0.666197119733364	1.16692922195947	DDMSO
12	0.666197119733364	1.19540480082622	DDMSO
13	0.666197119733364	1.18182414013592	DDMSO
14	0.666197119733364	1.15510090458405	DDMSO
15	0.666197119733364	1.16868156527434	DDMSO
16	0.666197119733364	1.24403232781405	DDMSO
17	0.666197119733364	1.28083153742647	DDMSO
18	0.786232636802438	1.30492625800603	DDMSO
19	0.726214878267901	1.31193563126554	DDMSO
20	0.786232636802438	1.35442995665131	DDMSO
21	0.726214878267901	1.31193563126554	DDMSO
22	0.786232636802438	1.35092527002155	DDMSO
23	0.726214878267901	1.37063913231392	DDMSO
24	0.846250395336975	1.38816256546269	DDMSO
25	0.846250395336975	1.44905649565466	DDMSO
26	0.846250395336975	1.48497953360964	DDMSO
27	0.846250395336975	1.55288283706113	DDMSO
28	0.906268153871513	1.66415663755582	DDMSO
29	1.02630367094059	1.72899334020626	DDMSO
30	1.02630367094059	1.82800073749682	DDMSO
31	1.08632142947512	1.96599777354338	DDMSO
32	1.14633918800966	2.09567117884428	DDMSO
33	1.2063569465442	2.23016352826109	DDMSO
34	1.32639246361327	2.34275158624193	DDMSO
35	1.26637470507874	2.49564354046495	DDMSO
36	1.44642798068235	2.78302784410478	DDMSO
37	1.56646349775142	3.07216449105949	DDMSO
38	1.92657004895865	3.45548959118883	DDMSO
39	1.98658780749318	3.8370623480033	DDMSO
40	2.22665884163133	4.27909094918102	DDMSO
41	2.58676539283856	4.94454332300556	DDMSO
42	3.12692521964939	5.82816243953229	DDMSO
43	4.02719159766745	6.84452156216095	DDMSO
44	4.44731590740921	7.81882444523256	DDMSO
45	6.42790193904894	8.78743221253082	DDMSO
46	7.14811504146339	10.0964326687439	DDMSO
47	9.18871883163765	11.7523971013027	DDMSO
48	10.7491805535356	13.1564621823479	DDMSO
49	14.2302105485388	15.5650580686463	DDMSO
50	18.1313648532837	18.5650698237158	DDMSO
51	10.637008122553	13.2618509543511	DDMSO
52	6.89142815841905	11.8237901108892	DDMSO
53	5.30517084442406	10.2467979400676	DDMSO
54	4.02732800166412	8.86088279686535	DDMSO
55	2.85941228692492	7.85019052736153	DDMSO
56	2.92169782866046	7.17086734546078	DDMSO
57	2.73451697592751	6.70593201406547	DDMSO
58	2.62671471336311	6.26500807709458	DDMSO
59	2.60610444836635	5.96309318431125	DDMSO
60	2.66708129218084	5.68914377404802	DDMSO
61	2.61599143177711	5.26804692277709	DDMSO
62	2.36345793953247	5.06837485593471	DDMSO
63	2.14014543847545	4.79809816549405	DDMSO
64	2.35657963657668	4.54856303214933	DDMSO
65	2.11382193548326	4.42015990143729	DDMSO
66	1.84006058087741	4.36036359265875	DDMSO
67	1.7700668887597	4.24279294433769	DDMSO
68	2.02142135887509	4.0789797031603	DDMSO
69	1.90834908873289	3.97226876470237	DDMSO
70	1.89193035786536	3.83479196707043	DDMSO
71	1.91032133872125	3.74964786706522	DDMSO
72	1.93390555277953	3.67523322692436	DDMSO
73	1.85974310077871	3.54077006231987	DDMSO
74	1.80303349597506	3.40423660708347	DDMSO
75	1.73123902378143	3.32868008722689	DDMSO
76	1.99072987815261	3.32469027156283	DDMSO
77	1.93701628856364	3.23840927657682	DDMSO
78	1.82318096680387	3.26471690570211	DDMSO
79	1.7593084370427	3.17919151145625	DDMSO
80	1.87413312882095	3.15084532784647	DDMSO
81	1.76038709815348	3.07184960947911	DDMSO
82	1.82318096680387	3.07787895937199	DDMSO
83	1.75676980710468	3.02164450374016	DDMSO
84	1.79888391651594	2.99299298270868	DDMSO
85	1.60926370353173	3.02161495311353	DDMSO
86	1.7067550083259	3.0936592699133	DDMSO
87	1.59753151393401	3.00829052018492	DDMSO
88	1.56659641612637	2.95575452420708	DDMSO
89	1.57539325366166	2.97308295104681	DDMSO
90	1.66603917948814	3.03472668892991	DDMSO
91	1.44641337782139	2.9960308594147	DDMSO
92	1.51294766305813	3.08150624355212	DDMSO
93	1.69737723355488	3.19355505267619	DDMSO
94	1.80547248924884	3.19561815034924	DDMSO
95	1.86945267014276	3.18531980303831	DDMSO
96	1.79201959879718	3.17133853684323	DDMSO
97	1.59998915609021	3.12294132497525	DDMSO
98	1.69737723355488	3.12668084117011	DDMSO
99	1.7894183563075	3.07014925830745	DDMSO
100	1.60307173228613	3.06858691136932	DDMSO
101	1.73853093936821	3.0125417683701	DDMSO
102	1.69040308260867	3.0712615988028	DDMSO
103	1.66479068517378	3.09404004625796	DDMSO
104	1.75607515712165	3.05982205197177	DDMSO
105	1.77704754617478	3.113448591795	DDMSO
106	1.66671389642734	3.24250491196524	DDMSO
107	1.77704754617478	3.24976032852723	DDMSO
108	1.70291351022693	3.07485194536088	DDMSO
109	1.75884608842473	3.0120579242148	DDMSO
110	1.77405433315323	3.08766399350453	DDMSO
111	1.68077318268444	3.04762309983819	DDMSO
112	1.61322901295854	3.02451952793712	DDMSO
113	1.59669885912637	3.06423363082788	DDMSO
114	1.55280845067544	3.02616705688542	DDMSO
115	1.7067550083259	3.08434105854122	DDMSO
116	1.89909133010019	3.26447840994763	DDMSO
117	1.92125099838325	3.25018659804182	DDMSO
118	1.8101509865705	3.29521878216601	DDMSO
119	1.73960102148329	3.33655279215744	DDMSO
120	1.92007020042026	3.36267928241895	DDMSO
121	1.77064839494008	3.2997120922083	DDMSO
122	1.99647308536946	3.36831661171869	DDMSO
123	2.07416415713877	3.42063695407239	DDMSO
124	1.98615468964809	3.43302399141528	DDMSO
125	1.84067841391875	3.33183566710609	DDMSO
126	1.85456803703184	3.37778518774246	DDMSO
127	1.92766067266446	3.47375700934337	DDMSO
128	1.82318096680387	3.58600873207911	DDMSO
129	1.90165472049368	3.666279303892	DDMSO
130	1.7894183563075	3.68091891696718	DDMSO
131	1.84834910212133	3.68051300607079	DDMSO
132	1.84486405495367	3.68473870466207	DDMSO
133	1.88665689384353	3.66675165999419	DDMSO
134	2.04693334662989	3.54158594247569	DDMSO
135	2.12003905882292	3.50991853697075	DDMSO
136	1.79888391651594	3.60173718924345	DDMSO
137	1.88298206837222	3.62055070609401	DDMSO
138	1.95642303794401	3.81953213685239	DDMSO
139	2.19789170909236	3.90412806657808	DDMSO
140	1.9014029384471	3.8355057880567	DDMSO
141	2.03436817889795	3.80232040892151	DDMSO
142	1.92779104060792	3.84074697924477	DDMSO
143	2.17095485949147	3.98087402593286	DDMSO
144	2.27704737736802	4.1479384236099	DDMSO
145	2.44420147075434	4.3015555831267	DDMSO
146	2.42494828232813	4.3065723576688	DDMSO
147	2.20444691224511	4.18631799892469	DDMSO
148	2.38649560909699	4.28810950070826	DDMSO
149	2.43901954895673	4.41855940931641	DDMSO
150	2.38601672818094	4.5101099926302	DDMSO
151	4.38729814887467	6.03669129400265	DDMSO
152	4.86744021715097	6.64738293923729	DDMSO
153	5.76770659516903	7.14636269814851	DDMSO
154	5.46761780249634	7.56385849291796	DDMSO
155	6.00777762930718	7.92046035749543	DDMSO
156	6.06779538784172	8.20828274696397	DDMSO
157	6.00777762930718	8.38965028005374	DDMSO
158	6.48791969758348	8.43696354955542	DDMSO
159	6.24784866344533	8.23369172502969	DDMSO
160	6.54793745611802	8.05933356519943	DDMSO
161	6.8480262487907	7.958573824594	DDMSO
162	6.78800849025616	7.92878398824109	DDMSO
163	6.48791969758348	7.8880420061702	DDMSO
164	6.24784866344533	7.74873071263748	DDMSO
165	6.90804400732524	7.67162760678289	DDMSO
166	6.54793745611802	7.54020185816712	DDMSO
167	6.06779538784172	7.41622356863957	DDMSO
168	6.18783090491079	7.3189685146639	DDMSO
169	5.82772435370357	7.31721617134902	DDMSO
170	5.04749349275458	7.29750230905665	DDMSO
171	5.28756452689273	7.10255411527659	DDMSO
172	5.04749349275458	6.87212096937026	DDMSO
173	5.2275467683582	6.56721323258166	DDMSO
174	4.80742245861644	6.45024431631362	DDMSO
175	4.80742245861644	6.29779044791932	DDMSO
176	4.56735142447829	6.10722311242645	DDMSO
177	4.86744021715097	5.85488567508416	DDMSO
178	4.7474047000819	5.55216836743916	DDMSO
179	4.56735142447829	5.40015258487358	DDMSO
180	4.38729814887467	5.31954479238924	DDMSO
181	4.2672626318056	5.35021080039959	DDMSO
182	4.08720935620199	5.35152505788574	DDMSO
183	4.38729814887467	5.32918268062106	DDMSO
184	4.08720935620199	5.30990690415741	DDMSO
185	3.7871205635293	5.24331785819209	DDMSO
186	3.84713832206384	5.22228973841356	DDMSO
187	3.72710280499476	5.14299620341538	DDMSO
188	3.72710280499476	5.00105639491034	DDMSO
189	3.60706728792569	4.82100311930673	DDMSO
190	3.72710280499476	4.78464199552303	DDMSO
191	3.60706728792569	4.76711856237426	DDMSO
192	3.84713832206384	4.77193750649018	DDMSO
193	3.84713832206384	4.71148166212692	DDMSO
194	3.48703177085661	4.54982799132952	DDMSO
195	3.66708504646023	4.5336188156669	DDMSO
196	3.306978495253	4.38992666384699	DDMSO
197	3.12692521964939	4.35663214086433	DDMSO
198	3.54704952939115	4.33954679354428	DDMSO
199	3.24696073671847	4.30756652804777	DDMSO
200	3.24696073671847	4.2217017056188	DDMSO
1	0.366108327060677	0.651026807523678	ODMSO
2	0.366108327060677	0.646528568173142	ODMSO
3	0.366108327060677	0.640118577098627	ODMSO
4	0.366108327060677	0.63641877523281	ODMSO
5	0.366108327060677	0.635013075435767	ODMSO
6	0.366108327060677	0.636834862372735	ODMSO
7	0.366108327060677	0.634821900263369	ODMSO
8	0.366108327060677	0.628974189107672	ODMSO
9	0.366108327060677	0.62590414075093	ODMSO
10	0.366108327060677	0.624509686552264	ODMSO
11	0.366108327060677	0.623711249067544	ODMSO
12	0.366108327060677	0.628040804442435	ODMSO
13	0.366108327060677	0.623553810690275	ODMSO
14	0.366108327060677	0.623924915436694	ODMSO
15	0.366108327060677	0.622035654909469	ODMSO
16	0.366108327060677	0.625364352028866	ODMSO
17	0.366108327060677	0.633348726876069	ODMSO
18	0.366108327060677	0.634844391460122	ODMSO
19	0.366108327060677	0.63666617839709	ODMSO
20	0.426126085595215	0.639005262859369	ODMSO
21	0.426126085595215	0.644605570850787	ODMSO
22	0.426126085595215	0.649328722168851	ODMSO
23	0.426126085595215	0.652826103263893	ODMSO
24	0.426126085595215	0.65950598869944	ODMSO
25	0.426126085595215	0.66205873953087	ODMSO
26	0.426126085595215	0.669413360868997	ODMSO
27	0.426126085595215	0.67672299981362	ODMSO
28	0.426126085595215	0.682345799001791	ODMSO
29	0.426126085595215	0.69670642812838	ODMSO
30	0.426126085595215	0.713158738552968	ODMSO
31	0.486143844129752	0.732928500498577	ODMSO
32	0.486143844129752	0.757927465689185	ODMSO
33	0.486143844129752	0.789651298708846	ODMSO
34	0.486143844129752	0.83040534722471	ODMSO
35	0.546161602664289	0.880808119147474	ODMSO
36	0.546161602664289	0.942107875896915	ODMSO
37	0.606179361198826	1.01532796692528	ODMSO
38	0.666197119733364	1.10489915799284	ODMSO
39	0.726214878267901	1.21670289705043	ODMSO
40	0.786232636802438	1.36468372608472	ODMSO
41	0.906268153871513	1.56169536403985	ODMSO
42	1.02630367094059	1.8204003546876	ODMSO
43	1.2063569465442	2.17119555043921	ODMSO
44	1.44642798068235	2.65705038269069	ODMSO
45	1.80653453188957	3.34771005257211	ODMSO
46	2.40671211723494	4.36932768266928	ODMSO
47	3.54704952939115	5.81013623784297	ODMSO
48	5.10751125128912	7.23349162433658	ODMSO
49	7.44820383413608	9.04830629031065	ODMSO
50	10.5091095193975	11.3030262735705	ODMSO
51	4.84695139613401	7.32629902227878	ODMSO
52	2.05122805177821	5.55064448493361	ODMSO
53	1.19851413515288	4.14730613444482	ODMSO
54	0.92527377740745	3.24392028328561	ODMSO
55	0.804059567628302	2.6742394719912	ODMSO
56	0.749444549576346	2.2978261765319	ODMSO
57	0.721446344028171	2.03353732244509	ODMSO
58	0.686336847189407	1.83591167303322	ODMSO
59	0.659211446199016	1.69297147508272	ODMSO
60	0.630254821968603	1.59199036040146	ODMSO
61	0.618535077031966	1.51266981119864	ODMSO
62	0.615371954594623	1.4509409934586	ODMSO
63	0.608462245265784	1.39719016388023	ODMSO
64	0.600177585345373	1.3542627169148	ODMSO
65	0.591841785548909	1.3120729693478	ODMSO
66	0.578549564251846	1.27710511346139	ODMSO
67	0.570539186069058	1.25383059069673	ODMSO
68	0.557900598996498	1.22934730293547	ODMSO
69	0.572583213605355	1.21203005306811	ODMSO
70	0.56922064993104	1.19621111992199	ODMSO
71	0.577670925894921	1.18755088726113	ODMSO
72	0.576650623999834	1.16918083037339	ODMSO
73	0.566364763635774	1.161687637408	ODMSO
74	0.56127718629521	1.15209438445914	ODMSO
75	0.557179788186301	1.14261052279045	ODMSO
76	0.55874090612458	1.13932605407065	ODMSO
77	0.552864315843694	1.12573106128214	ODMSO
78	0.548344066611	1.12649977201099	ODMSO
79	0.556185511026864	1.13341402766052	ODMSO
80	0.547220739579604	1.12774998792418	ODMSO
81	0.562957269975117	1.13145194326574	ODMSO
82	0.554472679046527	1.12671108716518	ODMSO
83	0.55516426644447	1.12106678740359	ODMSO
84	0.543769917549755	1.11392843802751	ODMSO
85	0.554111323312285	1.11499547777123	ODMSO
86	0.555380615446821	1.1181027900194	ODMSO
87	0.562030704920879	1.11317155967697	ODMSO
88	0.567650478447284	1.11655355477099	ODMSO
89	0.566718207765143	1.1114366599465	ODMSO
90	0.547988230097949	1.11317674006668	ODMSO
91	0.557192619519384	1.11285334740424	ODMSO
92	0.558847991144943	1.11304169795333	ODMSO
93	0.558224382422382	1.10244721939408	ODMSO
94	0.559659267347373	1.1006562917896	ODMSO
95	0.561481416077457	1.09740953121278	ODMSO
96	0.569783976856729	1.09548652984221	ODMSO
97	0.567844786134847	1.09056014197607	ODMSO
98	0.570318003984906	1.09690311581869	ODMSO
99	0.560871244743409	1.09491761217095	ODMSO
100	0.555884036611397	1.09044568636197	ODMSO
101	0.566659814436032	1.08648861433655	ODMSO
102	0.563392507533882	1.08767809066856	ODMSO
103	0.564750436210403	1.10040345897575	ODMSO
104	0.579979301223173	1.10409229563594	ODMSO
105	0.577143051153013	1.10495163576908	ODMSO
106	0.58142203580333	1.10936840051816	ODMSO
107	0.580839297209964	1.11484376770823	ODMSO
108	0.570439056341773	1.11134263463201	ODMSO
109	0.575918910488599	1.11579480159432	ODMSO
110	0.584639007084004	1.12515771543761	ODMSO
111	0.577608233250212	1.12640050202216	ODMSO
112	0.579301843246403	1.12736398393513	ODMSO
113	0.578203119978036	1.12920383496588	ODMSO
114	0.576260172230738	1.13252712045324	ODMSO
115	0.575680541045562	1.13867126941295	ODMSO
116	0.584983216096123	1.14761402154882	ODMSO
117	0.587150474965783	1.15294068365865	ODMSO
118	0.587385167895738	1.16257523397646	ODMSO
119	0.574828469939481	1.17094318724585	ODMSO
120	0.578549564251846	1.1684504710989	ODMSO
121	0.589554973215366	1.16939643448192	ODMSO
122	0.596879906305014	1.1769352562524	ODMSO
123	0.600177585345373	1.18088141011388	ODMSO
124	0.605633745212149	1.19832613419968	ODMSO
125	0.613766511806023	1.20156576522636	ODMSO
126	0.61089504222654	1.21095135402363	ODMSO
127	0.619414046414135	1.22190692553951	ODMSO
128	0.613224924157229	1.22853475278157	ODMSO
129	0.618830869077481	1.23576804830684	ODMSO
130	0.631221253552892	1.23896247678847	ODMSO
131	0.637030594971843	1.25012016345229	ODMSO
132	0.639426255776678	1.25996759789284	ODMSO
133	0.66205156321603	1.27715978182097	ODMSO
134	0.6441906082707	1.27843560820579	ODMSO
135	0.641569142955398	1.28592315781543	ODMSO
136	0.651329084096399	1.30039875847886	ODMSO
137	0.671180737183107	1.3138085580809	ODMSO
138	0.6769482683489	1.33269005913806	ODMSO
139	0.678579161809408	1.34422182128199	ODMSO
140	0.699654533192672	1.36046465512791	ODMSO
141	0.71183853145614	1.37159240134967	ODMSO
142	0.733550382088789	1.39420269671612	ODMSO
143	0.740570002970021	1.41154374958247	ODMSO
144	0.745675181792736	1.42912148879629	ODMSO
145	0.775229381071106	1.45593369781489	ODMSO
146	0.80052969289844	1.47794135480583	ODMSO
147	0.807859564722271	1.49846234267077	ODMSO
148	0.825483867383971	1.51299695702068	ODMSO
149	0.842138942586972	1.53199051895383	ODMSO
150	0.827717439130157	1.53182821392451	ODMSO
151	1.2063569465442	2.02253998550235	ODMSO
152	1.32639246361327	2.28865582548011	ODMSO
153	1.50644573921689	2.51354530181019	ODMSO
154	1.62648125628596	2.6575226978225	ODMSO
155	1.6864990148205	2.76327630495362	ODMSO
156	1.74651677335503	2.84632504896291	ODMSO
157	1.74651677335503	2.89529962989188	ODMSO
158	1.80653453188957	2.91916278964647	ODMSO
159	1.80653453188957	2.93048710721145	ODMSO
160	1.86655229042411	2.9267535685505	ODMSO
161	1.86655229042411	2.92334615224247	ODMSO
162	1.80653453188957	2.90611789552992	ODMSO
163	1.86655229042411	2.89299428222473	ODMSO
164	1.74651677335503	2.85905506632492	ODMSO
165	1.80653453188957	2.82946789699677	ODMSO
166	1.80653453188957	2.79593352263852	ODMSO
167	1.80653453188957	2.75426858065417	ODMSO
168	1.80653453188957	2.70198779380256	ODMSO
169	1.74651677335503	2.65786006577379	ODMSO
170	1.6864990148205	2.62302120200388	ODMSO
171	1.6864990148205	2.59458108371011	ODMSO
172	1.62648125628596	2.55118431957581	ODMSO
173	1.56646349775142	2.51025034148593	ODMSO
174	1.56646349775142	2.47427567228001	ODMSO
175	1.56646349775142	2.44070756112663	ODMSO
176	1.56646349775142	2.40727439715376	ODMSO
177	1.56646349775142	2.37810331496553	ODMSO
178	1.50644573921689	2.3340543061254	ODMSO
179	1.44642798068235	2.30452336478912	ODMSO
180	1.44642798068235	2.280435293067	ODMSO
181	1.38641022214781	2.25662836130428	ODMSO
182	1.38641022214781	2.22374623165186	ODMSO
183	1.32639246361327	2.18791775522483	ODMSO
184	1.26637470507874	2.16626997835038	ODMSO
185	1.26637470507874	2.14678135636418	ODMSO
186	1.26637470507874	2.11704799425713	ODMSO
187	1.26637470507874	2.08334493592323	ODMSO
188	1.26637470507874	2.05047405186918	ODMSO
189	1.2063569465442	2.02166282882899	ODMSO
190	1.2063569465442	2.0110582295601	ODMSO
191	1.14633918800966	1.98583435240197	ODMSO
192	1.14633918800966	1.96929207719037	ODMSO
193	1.14633918800966	1.93962618867358	ODMSO
194	1.14633918800966	1.91400871557227	ODMSO
195	1.14633918800966	1.88773899776514	ODMSO
196	1.08632142947512	1.86585506332478	ODMSO
197	1.08632142947512	1.85499181529323	ODMSO
198	1.08632142947512	1.83959659111602	ODMSO
199	1.02630367094059	1.82792366000137	ODMSO
200	1.02630367094059	1.81029056174727	ODMSO
1	0.607955125681988	1.19204300535673	DIAA
2	0.607955125681988	1.16565710524822	DIAA
3	0.607955125681988	1.12128081870209	DIAA
4	0.553184393638566	1.07050795031147	DIAA
5	0.607955125681988	1.07010816394619	DIAA
6	0.607955125681988	1.08729897765325	DIAA
7	0.607955125681988	1.15286394155925	DIAA
8	0.607955125681988	1.16165924159542	DIAA
9	0.607955125681988	1.14846629154116	DIAA
10	0.553184393638566	1.1128853050312	DIAA
11	0.66272585772541	1.07490560032956	DIAA
12	0.607955125681988	1.0249323046695	DIAA
13	0.66272585772541	1.01853572282502	DIAA
14	0.66272585772541	1.03492696380151	DIAA
15	0.66272585772541	1.04612098202937	DIAA
16	0.66272585772541	1.06571051392811	DIAA
17	0.66272585772541	1.06131286391002	DIAA
18	0.66272585772541	1.08530004582685	DIAA
19	0.607955125681988	1.06690987302395	DIAA
20	0.66272585772541	1.07010816394619	DIAA
21	0.66272585772541	1.04891948658633	DIAA
22	0.717496589768833	1.0617126502753	DIAA
23	0.717496589768833	1.11608359595345	DIAA
24	0.717496589768833	1.17765069620664	DIAA
25	0.772267321812255	1.18804514170393	DIAA
26	0.772267321812255	1.20003873266234	DIAA
27	0.827038053855677	1.23442036007646	DIAA
28	0.8818087858991	1.31397784676727	DIAA
29	0.8818087858991	1.3727464424635	DIAA
30	0.827038053855677	1.39193618799696	DIAA
31	0.8818087858991	1.46149901555576	DIAA
32	0.827038053855677	1.55185073410914	DIAA
33	0.8818087858991	1.66259155729183	DIAA
34	0.991350249985944	1.73655203486871	DIAA
35	1.04612098202937	1.84449435349444	DIAA
36	1.15566244611621	1.95603474940768	DIAA
37	1.21043317815963	2.15832665023959	DIAA
38	1.26520391020306	2.34262816463388	DIAA
39	1.31997464224648	2.52533053356705	DIAA
40	1.64859903450701	2.82956795754548	DIAA
41	2.03199415881097	3.31930625501403	DIAA
42	2.25107708698466	3.88060631186779	DIAA
43	2.74401367537546	4.60901706940878	DIAA
44	3.78465758420048	5.38460261805286	DIAA
45	4.77053076098209	6.24694180796281	DIAA
46	5.64686247367684	7.44949919472642	DIAA
47	6.68750638250187	9.04584615129127	DIAA
48	8.38539907584796	10.5530407483986	DIAA
49	11.5621015343665	12.4804108154157	DIAA
50	14.9578869210586	14.8051685295215	DIAA
51	7.56803855735334	10.0082532785716	DIAA
52	3.7680380411535	8.35011527732193	DIAA
53	2.54756843233449	7.02909097394331	DIAA
54	2.0570144250399	5.93374658100018	DIAA
55	1.68059338573375	5.07152819746065	DIAA
56	1.65189112453844	4.4430072184317	DIAA
57	1.78721677312161	4.00020056198975	DIAA
58	1.4947845620184	3.73286455959162	DIAA
59	1.34313288952957	3.60358605802371	DIAA
60	1.40153910883618	3.49263387026	DIAA
61	1.43100763073272	3.28400267282118	DIAA
62	1.29140794671011	3.13627351762864	DIAA
63	1.26973203663753	2.94348551890964	DIAA
64	1.33941207497166	2.72941195926969	DIAA
65	1.16835387240327	2.62270808314242	DIAA
66	1.22438547779027	2.61999099409438	DIAA
67	1.06802927484674	2.56497437296848	DIAA
68	1.10204548009889	2.46478245784782	DIAA
69	1.14156975214099	2.40147935495284	DIAA
70	1.08488180778317	2.31957042910648	DIAA
71	1.13350706728962	2.28016946390948	DIAA
72	1.20928178414107	2.1954951397357	DIAA
73	1.06935866154682	2.06488319574093	DIAA
74	1.09919193273351	2.05114639095436	DIAA
75	1.10117998108354	2.028833177848	DIAA
76	1.11420143550076	2.03710299812528	DIAA
77	1.06299367857574	1.99094778841649	DIAA
78	1.06861878370435	1.99085991054988	DIAA
79	1.0419445330688	1.89895575929471	DIAA
80	1.01664490526836	1.84994811134453	DIAA
81	1.01222701625815	1.76247638680837	DIAA
82	0.972985945712562	1.81793065582056	DIAA
83	1.00501145556459	1.81614443678517	DIAA
84	1.06933333989539	1.78588510976028	DIAA
85	1.11208399409905	1.77972681071567	DIAA
86	1.08865282209765	1.81748902826854	DIAA
87	0.922988262213228	1.73843286659429	DIAA
88	1.01236066195014	1.72656197568691	DIAA
89	1.00843596262339	1.7076023411522	DIAA
90	1.14199385580274	1.74502570502251	DIAA
91	1.00937632616422	1.70949918548662	DIAA
92	0.930776428476017	1.7324015515209	DIAA
93	1.03165169908655	1.73675289633558	DIAA
94	1.04609153539924	1.76996029661115	DIAA
95	0.922988262213228	1.73690964937353	DIAA
96	0.949904337827713	1.75282947742303	DIAA
97	0.95491580649619	1.7687362756559	DIAA
98	1.0356353758063	1.75661685018651	DIAA
99	0.994733148141567	1.72401161801269	DIAA
100	1.06876941987435	1.77582311460454	DIAA
101	1.03933984377637	1.77780241481306	DIAA
102	1.15582353650457	1.83793125986325	DIAA
103	1.10082455649944	1.8647616306875	DIAA
104	1.08137086342142	1.83180436569736	DIAA
105	1.08414494291713	1.85949681688128	DIAA
106	1.14401042046668	1.93856411763349	DIAA
107	1.13312563670162	1.95226549799594	DIAA
108	1.10608426399379	1.82174653153296	DIAA
109	0.989464700194286	1.7588587159019	DIAA
110	1.12922373472241	1.83120565546611	DIAA
111	1.08879804236656	1.84273399833934	DIAA
112	0.979120620776249	1.84177445920419	DIAA
113	1.03480768327941	1.81848452609839	DIAA
114	1.01270715959482	1.81834582763037	DIAA
115	1.10012272671745	1.82172027166189	DIAA
116	1.0592715182002	1.90903735338189	DIAA
117	1.09919193273351	1.9283495222942	DIAA
118	1.09919193273351	1.91436660605509	DIAA
119	1.07732996519373	1.96543862608232	DIAA
120	1.19684192243034	2.03006319941693	DIAA
121	1.12584282533701	1.98629573052776	DIAA
122	1.1210884215138	2.06126160669276	DIAA
123	1.1517729303624	2.08506976431763	DIAA
124	1.20325778768263	2.03982907560628	DIAA
125	1.06983490337564	2.01897215372057	DIAA
126	0.916453373305782	2.07817737692222	DIAA
127	1.01384121016548	2.10935128025044	DIAA
128	1.0153368964746	2.10824987386888	DIAA
129	1.03742210105776	2.12679101545568	DIAA
130	1.14281238975218	2.16110885409114	DIAA
131	1.06226044471625	2.16159768241541	DIAA
132	0.994480006102711	2.1847366986841	DIAA
133	1.1196494780558	2.15849807097321	DIAA
134	1.01037587269576	2.07922476239338	DIAA
135	1.09380846104313	2.06024945653157	DIAA
136	1.09975005501436	2.15251339677691	DIAA
137	1.05725470460869	2.11832034276154	DIAA
138	1.25215403481908	2.22172422027643	DIAA
139	1.24805438590749	2.34096136636945	DIAA
140	1.16098523556832	2.36548147664326	DIAA
141	1.10012272671745	2.29881734577954	DIAA
142	1.16267694337791	2.29217069890145	DIAA
143	1.27194840530592	2.36227162509716	DIAA
144	1.13773198350685	2.37501166552579	DIAA
145	1.22465744463236	2.43850184840632	DIAA
146	1.20810083598171	2.38872553801907	DIAA
147	1.23718152996602	2.34999695359259	DIAA
148	1.31721347311041	2.43436158749707	DIAA
149	1.37834632297121	2.5110635888926	DIAA
150	1.4074804397205	2.55388079058438	DIAA
151	2.14153562289781	3.1993703454299	DIAA
152	2.52493074720177	3.61674731078269	DIAA
153	2.74401367537546	3.90619263924574	DIAA
154	3.07263806763599	4.09089394000531	DIAA
155	3.23695026376626	4.23081916785347	DIAA
156	3.23695026376626	4.44470487327852	DIAA
157	3.12740879967942	4.51786577812484	DIAA
158	3.34649172785311	4.61261514669631	DIAA
159	3.40126245989653	4.61341471942687	DIAA
160	3.29172099580968	4.5330576600055	DIAA
161	3.23695026376626	4.5350565918319	DIAA
162	3.29172099580968	4.47348949157871	DIAA
163	3.34649172785311	4.43031256412842	DIAA
164	3.56557465602679	4.37274332752803	DIAA
165	3.34649172785311	4.37594161845028	DIAA
166	3.29172099580968	4.33196511826943	DIAA
167	3.12740879967942	4.27359630893848	DIAA
168	2.96309660354915	4.16725313577388	DIAA
169	2.96309660354915	4.21362835414641	DIAA
170	2.8535551394623	4.2200249359909	DIAA
171	2.8535551394623	4.19603775407407	DIAA
172	2.8535551394623	4.11688005374854	DIAA
173	2.74401367537546	3.98535033957127	DIAA
174	2.52493074720177	3.94777042123491	DIAA
175	2.74401367537546	3.81384198886596	DIAA
176	2.63447221128861	3.73588364763627	DIAA
177	2.8535551394623	3.54718448322389	DIAA
178	2.68924294333204	3.34649172785311	DIAA
179	2.63447221128861	3.2321528273829	DIAA
180	2.41538928311493	3.21216350911887	DIAA
181	2.3606185510715	3.20496735454382	DIAA
182	2.30584781902808	3.23655047740098	DIAA
183	2.19630635494124	3.22495667280785	DIAA
184	2.14153562289781	3.28412505486935	DIAA
185	2.08676489085439	3.22575624553841	DIAA
186	2.03199415881097	3.28572420033048	DIAA
187	2.14153562289781	3.11061777233764	DIAA
188	2.19630635494124	3.06384276759982	DIAA
189	2.03199415881097	2.9762895536034	DIAA
190	2.03199415881097	2.98628421273542	DIAA
191	1.92245269472412	3.08223294040272	DIAA
192	2.14153562289781	3.15499405888377	DIAA
193	2.03199415881097	3.13940239063783	DIAA
194	2.19630635494124	3.01506883103561	DIAA
195	2.03199415881097	2.94590578984209	DIAA
196	1.92245269472412	2.91472245335021	DIAA
197	1.8676819626807	2.95989831262691	DIAA
198	1.81291123063728	2.97548998087284	DIAA
199	1.97722342676755	2.99028207638822	DIAA
200	1.8676819626807	2.9335124125184	DIAA
1	0.443642929551721	0.709522660820409	OIAA
2	0.443642929551721	0.703991196594925	OIAA
3	0.443642929551721	0.703088100394846	OIAA
4	0.443642929551721	0.702441565615245	OIAA
5	0.443642929551721	0.703324136901685	OIAA
6	0.443642929551721	0.705007179820014	OIAA
7	0.443642929551721	0.704535106806336	OIAA
8	0.443642929551721	0.698346845344432	OIAA
9	0.443642929551721	0.695268108298709	OIAA
10	0.443642929551721	0.692189371252985	OIAA
11	0.443642929551721	0.693882676628133	OIAA
12	0.443642929551721	0.700286449683238	OIAA
13	0.443642929551721	0.701517944501527	OIAA
14	0.443642929551721	0.701589781699261	OIAA
15	0.443642929551721	0.705869226192817	OIAA
16	0.443642929551721	0.707829355445261	OIAA
17	0.443642929551721	0.711903550802435	OIAA
18	0.443642929551721	0.715905908961876	OIAA
19	0.443642929551721	0.719928792034954	OIAA
20	0.443642929551721	0.721006350000958	OIAA
21	0.443642929551721	0.724146661787596	OIAA
22	0.443642929551721	0.730232298681309	OIAA
23	0.443642929551721	0.739304310509375	OIAA
24	0.498413661595143	0.73880145012524	OIAA
25	0.498413661595143	0.7430295823347	OIAA
26	0.498413661595143	0.748099236003325	OIAA
27	0.498413661595143	0.759377676047492	OIAA
28	0.498413661595143	0.769147534939255	OIAA
29	0.498413661595143	0.783422612374594	OIAA
30	0.498413661595143	0.801925822019392	OIAA
31	0.498413661595143	0.825970758346493	OIAA
32	0.553184393638566	0.852868657669298	OIAA
33	0.553184393638566	0.887894422792813	OIAA
34	0.553184393638566	0.929775509071473	OIAA
35	0.607955125681988	0.977280421686988	OIAA
36	0.66272585772541	1.03250270183045	OIAA
37	0.66272585772541	1.09633518324512	OIAA
38	0.717496589768833	1.17614630992709	OIAA
39	0.772267321812255	1.27758043312686	OIAA
40	0.8818087858991	1.41002770083389	OIAA
41	0.936579517942522	1.58521810119238	OIAA
42	1.10089171407279	1.8133525162805	OIAA
43	1.21043317815963	2.11625919175242	OIAA
44	1.48428683837675	2.54642033178092	OIAA
45	1.8676819626807	3.1937247956443	OIAA
46	2.52493074720177	4.14960081114374	OIAA
47	3.62034538807022	5.52932655572794	OIAA
48	4.98961368915578	6.93723300673733	OIAA
49	7.34475516702294	8.61585280617719	OIAA
50	9.97375030510721	10.5735088065278	OIAA
51	4.44912146933103	6.76912001666719	OIAA
52	1.889556404613	5.03603592721119	OIAA
53	1.14310419647354	3.75234941087364	OIAA
54	0.913932254930916	2.95735590546833	OIAA
55	0.802904700049045	2.45144038493429	OIAA
56	0.758540263864971	2.12321832630323	OIAA
57	0.718865858069918	1.90317476287452	OIAA
58	0.676579631124629	1.74000467131782	OIAA
59	0.656523344361553	1.61197678785464	OIAA
60	0.649801886743234	1.52380715546692	OIAA
61	0.6369468023787	1.45295649092677	OIAA
62	0.623729787623832	1.39853926451409	OIAA
63	0.608376439005399	1.35316462451839	OIAA
64	0.598855085766602	1.31120933108959	OIAA
65	0.593436204872754	1.27786944662201	OIAA
66	0.586791545807543	1.2450872413921	OIAA
67	0.585051001372921	1.22719405648591	OIAA
68	0.572546654694279	1.20809446053964	OIAA
69	0.572490457105455	1.1920765557063	OIAA
70	0.567917922664269	1.18480179901458	OIAA
71	0.55461119422121	1.17382670790885	OIAA
72	0.565829989125062	1.15511520746079	OIAA
73	0.569591297721273	1.14624174455518	OIAA
74	0.556980017732771	1.13475317182811	OIAA
75	0.55433281221367	1.12156965429698	OIAA
76	0.552398603692761	1.11192249844826	OIAA
77	0.544240818406159	1.10102451252045	OIAA
78	0.542548381780212	1.1016226316936	OIAA
79	0.547707320434223	1.09902563314256	OIAA
80	0.537288974665094	1.09086236698409	OIAA
81	0.544417786978162	1.08808605787986	OIAA
82	0.547707320434223	1.08774572440917	OIAA
83	0.547707320434223	1.08174197447145	OIAA
84	0.545689982237412	1.0762013404672	OIAA
85	0.535090756142378	1.07735393917181	OIAA
86	0.544417786978162	1.07583963688646	OIAA
87	0.547707320434224	1.07342941508529	OIAA
88	0.549859412066578	1.07520695029408	OIAA
89	0.547707320434223	1.07027977279004	OIAA
90	0.544207593147104	1.07637795187371	OIAA
91	0.556835775774794	1.08154293330373	OIAA
92	0.549989434269366	1.08024469731199	OIAA
93	0.546273531637275	1.07221880702851	OIAA
94	0.547707320434223	1.06895551675644	OIAA
95	0.551358702570451	1.06514123565943	OIAA
96	0.547707320434224	1.06335250853996	OIAA
97	0.547707320434223	1.06486643758424	OIAA
98	0.538904881355816	1.05864329183048	OIAA
99	0.540315858619996	1.05733070670862	OIAA
100	0.533572937971405	1.05682938208075	OIAA
101	0.546637579574	1.05545627297335	OIAA
102	0.541692446760204	1.05658735687027	OIAA
103	0.55019689916347	1.069393664741	OIAA
104	0.551942170849952	1.06837377169785	OIAA
105	0.563963473780445	1.07098384801218	OIAA
106	0.551779493820351	1.07064435183843	OIAA
107	0.559724527464848	1.06947902463261	OIAA
108	0.565964231115364	1.07712314330873	OIAA
109	0.564559853370661	1.08941926030661	OIAA
110	0.564065359346852	1.09431954138617	OIAA
111	0.561400003445079	1.09137018584629	OIAA
112	0.561573328546482	1.08429225977328	OIAA
113	0.554843572166265	1.08478135682956	OIAA
114	0.564957944699868	1.08758787533768	OIAA
115	0.56349337102318	1.09281747315434	OIAA
116	0.574652080319447	1.09953959059676	OIAA
117	0.56741493016499	1.09984741706949	OIAA
118	0.567942812568493	1.10682707310549	OIAA
119	0.562312848979136	1.11497210314332	OIAA
120	0.557299392595944	1.11179206470448	OIAA
121	0.560393831850032	1.11192046961224	OIAA
122	0.574455817478686	1.11570816496949	OIAA
123	0.588111958826912	1.12173163906388	OIAA
124	0.586551811245161	1.13225180421651	OIAA
125	0.611425746326324	1.14096207581794	OIAA
126	0.602478052477646	1.14918087099404	OIAA
127	0.598101698585557	1.15906678352673	OIAA
128	0.586551811245161	1.16736501978897	OIAA
129	0.595457991181254	1.17533180612902	OIAA
130	0.606451954171648	1.18499965103175	OIAA
131	0.611363377046434	1.18998475343257	OIAA
132	0.614734440067782	1.19884276640169	OIAA
133	0.62484919655172	1.20652852650198	OIAA
134	0.627436867079712	1.20984659472894	OIAA
135	0.62069190440718	1.22832874227336	OIAA
136	0.639490696536133	1.2524800494804	OIAA
137	0.644782311929095	1.26254073854936	OIAA
138	0.653452793191326	1.27932738166652	OIAA
139	0.658960369897425	1.28636790346869	OIAA
140	0.653035651286959	1.29386840157657	OIAA
141	0.681830750970103	1.30866231645219	OIAA
142	0.707455288894205	1.32696971187167	OIAA
143	0.708502130102986	1.337727369736	OIAA
144	0.722338639992961	1.35053155121041	OIAA
145	0.730650544267786	1.3715612094333	OIAA
146	0.755172214538096	1.38535736816841	OIAA
147	0.761909688326816	1.40181885024749	OIAA
148	0.759943907102485	1.41011104259439	OIAA
149	0.772199703624547	1.41114055860682	OIAA
150	0.757781380018529	1.4148420585811	OIAA
151	1.10089171407279	1.80202276395224	OIAA
152	1.21043317815963	2.04125089486178	OIAA
153	1.3747453742899	2.22881781814408	OIAA
154	1.48428683837675	2.34983270895465	OIAA
155	1.59382830246359	2.43007485882303	OIAA
156	1.64859903450701	2.49856649563356	OIAA
157	1.64859903450701	2.53759461891651	OIAA
158	1.64859903450701	2.56917219854882	OIAA
159	1.70336976655043	2.59274506186224	OIAA
160	1.70336976655043	2.60395166470868	OIAA
161	1.70336976655043	2.61976611066688	OIAA
162	1.70336976655043	2.62866366072902	OIAA
163	1.70336976655043	2.62720639186071	OIAA
164	1.70336976655043	2.61245924141169	OIAA
165	1.70336976655043	2.59902568543552	OIAA
166	1.64859903450701	2.57880864550193	OIAA
167	1.64859903450701	2.56546745163713	OIAA
168	1.70336976655043	2.53184764309783	OIAA
169	1.64859903450701	2.50501131851594	OIAA
170	1.64859903450701	2.48478401612553	OIAA
171	1.64859903450701	2.46639369350575	OIAA
172	1.59382830246359	2.43790511337598	OIAA
173	1.53905757042017	2.41278261908288	OIAA
174	1.53905757042017	2.37986065760728	OIAA
175	1.53905757042017	2.35543601037787	OIAA
176	1.59382830246359	2.33118582491439	OIAA
177	1.53905757042017	2.30510892213711	OIAA
178	1.48428683837675	2.2739623656912	OIAA
179	1.48428683837675	2.25155942245516	OIAA
180	1.48428683837675	2.23600153791743	OIAA
181	1.42951610633332	2.21852457395454	OIAA
182	1.42951610633332	2.19555719559344	OIAA
183	1.3747453742899	2.17155330909362	OIAA
184	1.31997464224648	2.14833963176886	OIAA
185	1.31997464224648	2.12637797417603	OIAA
186	1.31997464224648	2.10561702403104	OIAA
187	1.31997464224648	2.08442505069964	OIAA
188	1.31997464224648	2.06685572462538	OIAA
189	1.26520391020306	2.04268763881645	OIAA
190	1.26520391020306	2.03264069359057	OIAA
191	1.26520391020306	2.01789354314156	OIAA
192	1.21043317815963	2.00019080512864	OIAA
193	1.21043317815963	1.97577642035606	OIAA
194	1.15566244611621	1.9458921460989	OIAA
195	1.15566244611621	1.91672624381908	OIAA
196	1.15566244611621	1.89313285559202	OIAA
197	1.15566244611621	1.87476305788587	OIAA
198	1.15566244611621	1.86057008010508	OIAA
199	1.10089171407279	1.84726993606755	OIAA
200	1.15566244611621	1.82883856362049	OIAA
