pos	Md	Mn	gt
1	0.0367526126513519	0.0734087617524377	DDMSO
2	0.0367526126513519	0.0772673037630783	DDMSO
3	0.0367526126513519	0.0907722008003205	DDMSO
4	0.0367526126513519	0.0705148552444572	DDMSO
5	0.0367526126513519	0.0801612102710588	DDMSO
6	0.0367526126513519	0.0734087617524377	DDMSO
7	0.0367526126513519	0.075338032757758	DDMSO
8	0.0367526126513519	0.0840197522816994	DDMSO
9	0.0367526126513519	0.0927014718056408	DDMSO
10	0.0367526126513519	0.0763026682604181	DDMSO
11	0.0367526126513519	0.0763026682604181	DDMSO
12	0.0367526126513519	0.0724441262497775	DDMSO
13	0.0367526126513519	0.0927014718056408	DDMSO
14	0.0367526126513519	0.075338032757758	DDMSO
15	0.0367526126513519	0.0830551167790392	DDMSO
16	0.0367526126513519	0.0898075652976603	DDMSO
17	0.0367526126513519	0.0859490232870197	DDMSO
18	0.0367526126513519	0.0859490232870197	DDMSO
19	0.0367526126513519	0.0695502197417971	DDMSO
20	0.0367526126513519	0.0811258457737189	DDMSO
21	0.0367526126513519	0.08787829429234	DDMSO
22	0.0367526126513519	0.0763026682604181	DDMSO
23	0.0367526126513519	0.0763026682604181	DDMSO
24	0.0367526126513519	0.0840197522816994	DDMSO
25	0.0367526126513519	0.0859490232870197	DDMSO
26	0.0367526126513519	0.0859490232870197	DDMSO
27	0.0367526126513519	0.0830551167790392	DDMSO
28	0.0367526126513519	0.0801612102710588	DDMSO
29	0.0367526126513519	0.0791965747683986	DDMSO
30	0.0367526126513519	0.0763026682604181	DDMSO
31	0.0367526126513519	0.101383191329582	DDMSO
32	0.0367526126513519	0.0917368363029806	DDMSO
33	0.0367526126513519	0.0801612102710588	DDMSO
34	0.0367526126513519	0.0859490232870197	DDMSO
35	0.0367526126513519	0.0859490232870197	DDMSO
36	0.0367526126513519	0.108135639848203	DDMSO
37	0.0367526126513519	0.106206368842883	DDMSO
38	0.0367526126513519	0.108135639848203	DDMSO
39	0.0367526126513519	0.119711265880125	DDMSO
40	0.0367526126513519	0.118746630377465	DDMSO
41	0.0367526126513519	0.134180798420027	DDMSO
42	0.0367526126513519	0.15154423746791	DDMSO
43	0.0367526126513519	0.163119863499832	DDMSO
44	0.0367526126513519	0.184341844558355	DDMSO
45	0.0367526126513519	0.220997993659441	DDMSO
46	0.0367526126513519	0.326143263449398	DDMSO
47	0.0367526126513519	0.423571449218073	DDMSO
48	0.0367526126513519	0.439970252763296	DDMSO
49	0.0367526126513519	0.602993652712862	DDMSO
50	0.40427873916487	1.0862760395456	DDMSO
51	4.21602236273971	6.81736388618137	DDMSO
52	2.00493730209987	4.02795008004656	DDMSO
53	1.13802506179313	2.65737934823625	DDMSO
54	0.913584868563016	2.02190710124282	DDMSO
55	0.79727889878594	1.64534343610918	DDMSO
56	0.701640786980354	1.36586768525247	DDMSO
57	0.612543544189198	1.19884237137982	DDMSO
58	0.671230350818103	1.18165768764725	DDMSO
59	0.546322620493068	1.08798673149484	DDMSO
60	0.526895862789292	1.02227597268324	DDMSO
61	0.533768542940919	0.96769364096802	DDMSO
62	0.536451178451409	0.918589194011853	DDMSO
63	0.535791100098021	0.883951262809062	DDMSO
64	0.542034934786124	0.926720259110709	DDMSO
65	0.542034934786124	0.851530123549564	DDMSO
66	0.532587639084855	0.93963498962788	DDMSO
67	0.501171990700253	0.912990622834407	DDMSO
68	0.533177437134783	0.859049792991146	DDMSO
69	0.543819146548458	0.870036997947652	DDMSO
70	0.539038318886494	0.863502549731137	DDMSO
71	0.513022739526879	0.870552386863356	DDMSO
72	0.456689269632183	0.800750068858663	DDMSO
73	0.553806492006672	0.776685747099293	DDMSO
74	0.523810600872071	0.81987805686676	DDMSO
75	0.526280015480896	0.76378686808164	DDMSO
76	0.494746708768198	0.776195695934712	DDMSO
77	0.523810600872071	0.790286343329545	DDMSO
78	0.516046958460762	0.840306356088705	DDMSO
79	0.494746708768198	0.778642823998883	DDMSO
80	0.485930837264844	0.72385347104572	DDMSO
81	0.449198599072078	0.734075330514507	DDMSO
82	0.411531472038419	0.685068202564294	DDMSO
83	0.475622046076318	0.727675040242658	DDMSO
84	0.494746708768198	0.766671113291806	DDMSO
85	0.546322620493068	0.778812077678168	DDMSO
86	0.542835198966698	0.794310865322592	DDMSO
87	0.501171990700253	0.749268427822602	DDMSO
88	0.493022852640086	0.789027039451395	DDMSO
89	0.457734651375176	0.694766580386699	DDMSO
90	0.448417044310752	0.69197577223792	DDMSO
91	0.464688205936633	0.714960463917484	DDMSO
92	0.454140563972118	0.705413695523842	DDMSO
93	0.452277162339252	0.726584277631876	DDMSO
94	0.5112205519173	0.768127447705071	DDMSO
95	0.501171990700253	0.752565763719846	DDMSO
96	0.490495394407139	0.745776508142871	DDMSO
97	0.47871050092097	0.723531272365497	DDMSO
98	0.531945709427461	0.769753063957016	DDMSO
99	0.538527865933003	0.75704178301599	DDMSO
100	0.485930837264844	0.737956770811693	DDMSO
101	0.558765631316056	0.783582722073466	DDMSO
102	0.451088404775143	0.744302089767899	DDMSO
103	0.467968049287399	0.723359679465657	DDMSO
104	0.463142679752808	0.761796540219679	DDMSO
105	0.495149050900566	0.761670637434075	DDMSO
106	0.531841262989325	0.76819738185749	DDMSO
107	0.497524450738824	0.760397834636767	DDMSO
108	0.488120636775767	0.75805864294908	DDMSO
109	0.504128757607039	0.746869114938718	DDMSO
110	0.564155903355581	0.811889315563658	DDMSO
111	0.519396426725716	0.766238057572184	DDMSO
112	0.46431236623594	0.719488425517124	DDMSO
113	0.516359020721472	0.790624028529799	DDMSO
114	0.535538070062555	0.787958807490189	DDMSO
115	0.498653538485678	0.710723173558559	DDMSO
116	0.496759808493155	0.747428318658828	DDMSO
117	0.459407658141898	0.727744852993969	DDMSO
118	0.480930795599273	0.743007070136604	DDMSO
119	0.493570047815047	0.729000560538755	DDMSO
120	0.480730376452282	0.754709379946939	DDMSO
121	0.491595455846108	0.769885102069365	DDMSO
122	0.54127118713545	0.808179239486362	DDMSO
123	0.54835902703042	0.77037990798322	DDMSO
124	0.53489717943282	0.807400192215926	DDMSO
125	0.438204227766118	0.745759327637805	DDMSO
126	0.514285706042807	0.77578030753422	DDMSO
127	0.52715868651434	0.827028015632014	DDMSO
128	0.551289189770278	0.878961450091112	DDMSO
129	0.510910758830452	0.82467664430253	DDMSO
130	0.47871050092097	0.77261750038116	DDMSO
131	0.528633469642732	0.773622135069168	DDMSO
132	0.549354841735996	0.794944694542232	DDMSO
133	0.552194426535089	0.834210871675243	DDMSO
134	0.511654019263918	0.820930186508391	DDMSO
135	0.529708474156495	0.821698564757996	DDMSO
136	0.550986449962606	0.838197649164592	DDMSO
137	0.553806492006672	0.838307910335994	DDMSO
138	0.571707307909918	0.837940049281897	DDMSO
139	0.610528598320154	0.881437268388743	DDMSO
140	0.537342885862399	0.86504073489299	DDMSO
141	0.60340110323115	0.852786958559519	DDMSO
142	0.602695577240818	0.864536102742074	DDMSO
143	0.547379337360559	0.864807535217269	DDMSO
144	0.551289189770278	0.874862091053905	DDMSO
145	0.512536434933818	0.866449106571544	DDMSO
146	0.594527557595398	0.959154660098983	DDMSO
147	0.564976771344078	0.906316843926473	DDMSO
148	0.602820630789369	0.952694497189503	DDMSO
149	0.701640786980354	0.984069853099856	DDMSO
150	0.539433508269842	0.814014347077004	DDMSO
151	0.771804865678389	0.935792901130615	DDMSO
152	0.771804865678389	1.25219334600315	DDMSO
153	0.771804865678389	1.31971783118936	DDMSO
154	0.771804865678389	1.35830325129576	DDMSO
155	1.13933099219191	1.51071566071607	DDMSO
156	1.13933099219191	1.43354482050325	DDMSO
157	1.13933099219191	1.56955842637834	DDMSO
158	1.13933099219191	1.471165605107	DDMSO
159	1.13933099219191	1.49721076367882	DDMSO
160	1.13933099219191	1.48852904415488	DDMSO
161	1.13933099219191	1.50203394119213	DDMSO
162	1.13933099219191	1.41232283944473	DDMSO
163	1.13933099219191	1.50878638971075	DDMSO
164	1.13933099219191	1.52518519325597	DDMSO
165	1.13933099219191	1.48659977314956	DDMSO
166	0.771804865678389	1.43354482050325	DDMSO
167	1.13933099219191	1.37470205484098	DDMSO
168	1.13933099219191	1.47309487611232	DDMSO
169	0.771804865678389	1.3476922607665	DDMSO
170	0.771804865678389	1.36794960632236	DDMSO
171	0.771804865678389	1.28113241108295	DDMSO
172	0.771804865678389	1.23579454245792	DDMSO
173	0.771804865678389	1.23000672944196	DDMSO
174	0.771804865678389	1.2145725613994	DDMSO
175	0.771804865678389	1.14511880520787	DDMSO
176	0.771804865678389	1.17791641229831	DDMSO
177	0.771804865678389	1.1152151046254	DDMSO
178	0.771804865678389	1.11232119811742	DDMSO
179	0.771804865678389	1.09881630108018	DDMSO
180	0.771804865678389	1.05058452594717	DDMSO
181	0.771804865678389	1.01199910584077	DDMSO
182	0.771804865678389	1.04865525494185	DDMSO
183	0.771804865678389	0.960873424199779	DDMSO
184	0.771804865678389	0.934828265627955	DDMSO
185	0.771804865678389	0.958944153194459	DDMSO
186	0.771804865678389	0.939651443141256	DDMSO
187	0.771804865678389	0.940616078643916	DDMSO
188	0.40427873916487	0.882737948484307	DDMSO
189	0.40427873916487	0.852834247901842	DDMSO
190	0.771804865678389	0.873091593457705	DDMSO
191	0.40427873916487	0.853798883404502	DDMSO
192	0.40427873916487	0.734184081074643	DDMSO
193	0.40427873916487	0.766017052662428	DDMSO
194	0.40427873916487	0.783380491710311	DDMSO
195	0.40427873916487	0.77662804319169	DDMSO
196	0.40427873916487	0.709103558005479	DDMSO
197	0.40427873916487	0.691740118957596	DDMSO
198	0.40427873916487	0.728396268058682	DDMSO
199	0.40427873916487	0.699457202978877	DDMSO
200	0.40427873916487	0.681129128428334	DDMSO
1	0.0367526126513519	0.0949785860118836	ODMSO
2	0.0367526126513519	0.0899125210443199	ODMSO
3	0.0367526126513519	0.0910608291036343	ODMSO
4	0.0367526126513519	0.0906555439062292	ODMSO
5	0.0367526126513519	0.0918713994984445	ODMSO
6	0.0367526126513519	0.0894396883140139	ODMSO
7	0.0367526126513519	0.0884264753205012	ODMSO
8	0.0367526126513519	0.0916012093668411	ODMSO
9	0.0367526126513519	0.0884264753205012	ODMSO
10	0.0367526126513519	0.0891019506495097	ODMSO
11	0.0367526126513519	0.0888317605179063	ODMSO
12	0.0367526126513519	0.0846438134780537	ODMSO
13	0.0367526126513519	0.0855894789386656	ODMSO
14	0.0367526126513519	0.0819419121620197	ODMSO
15	0.0367526126513519	0.0805234139711019	ODMSO
16	0.0367526126513519	0.0826173874910282	ODMSO
17	0.0367526126513519	0.0817392695633172	ODMSO
18	0.0367526126513519	0.0816041744975155	ODMSO
19	0.0367526126513519	0.0799830337078951	ODMSO
20	0.0367526126513519	0.07957774851049	ODMSO
21	0.0367526126513519	0.0805909615040027	ODMSO
22	0.0367526126513519	0.080455866438201	ODMSO
23	0.0367526126513519	0.0811313417672095	ODMSO
24	0.0367526126513519	0.0786320830498781	ODMSO
25	0.0367526126513519	0.0776188700563654	ODMSO
26	0.0367526126513519	0.0768758471944561	ODMSO
27	0.0367526126513519	0.0814690794317138	ODMSO
28	0.0367526126513519	0.0778890601879688	ODMSO
29	0.0367526126513519	0.0774837749905637	ODMSO
30	0.0367526126513519	0.0772811323918612	ODMSO
31	0.0367526126513519	0.0801856763065977	ODMSO
32	0.0367526126513519	0.0810637942343087	ODMSO
33	0.0367526126513519	0.0782943453853739	ODMSO
34	0.0367526126513519	0.0789698207143824	ODMSO
35	0.0367526126513519	0.0791724633130849	ODMSO
36	0.0367526126513519	0.083157767754235	ODMSO
37	0.0367526126513519	0.0832928628200367	ODMSO
38	0.0367526126513519	0.0917363044326428	ODMSO
39	0.0367526126513519	0.0899800685772207	ODMSO
40	0.0367526126513519	0.101260506571662	ODMSO
41	0.0367526126513519	0.110176780914575	ODMSO
42	0.0367526126513519	0.116391153941453	ODMSO
43	0.0367526126513519	0.130441040784829	ODMSO
44	0.0367526126513519	0.147598114141645	ODMSO
45	0.0367526126513519	0.170158990130528	ODMSO
46	0.0367526126513519	0.20926901168012	ODMSO
47	0.0367526126513519	0.235004621715343	ODMSO
48	0.0367526126513519	0.282828275009144	ODMSO
49	0.0367526126513519	0.322208486690339	ODMSO
50	0.0367526126513519	0.560853920429038	ODMSO
51	1.42292500915697	3.89154222921224	ODMSO
52	0.49992343068356	1.72219961841212	ODMSO
53	0.397837559628036	1.15188089214131	ODMSO
54	0.348516154452475	0.888516401657999	ODMSO
55	0.321585360699329	0.752024537170162	ODMSO
56	0.296848025260919	0.662144141268292	ODMSO
57	0.295093970193336	0.614021535708507	ODMSO
58	0.282712405010399	0.580997279281017	ODMSO
59	0.273747336119951	0.562314504964447	ODMSO
60	0.282567979771569	0.550017122331451	ODMSO
61	0.264805047606731	0.528459708418067	ODMSO
62	0.265069994058343	0.515065171953781	ODMSO
63	0.26251866179537	0.508886919038772	ODMSO
64	0.257767192803599	0.501980339733703	ODMSO
65	0.253358436149745	0.48927824047016	ODMSO
66	0.260384363731993	0.484220235042019	ODMSO
67	0.245017417675679	0.473264879868869	ODMSO
68	0.251432569658742	0.470475769989896	ODMSO
69	0.25835169890973	0.465049768912734	ODMSO
70	0.251104806934702	0.454008407187329	ODMSO
71	0.248273463093296	0.454839974980777	ODMSO
72	0.2512578076701	0.448882931549092	ODMSO
73	0.245017417675679	0.450394197661647	ODMSO
74	0.245017417675679	0.445338095239504	ODMSO
75	0.237360623373314	0.437844213370956	ODMSO
76	0.243968092546447	0.451072516429082	ODMSO
77	0.240073495773194	0.430198461032308	ODMSO
78	0.230654327674001	0.430631339919197	ODMSO
79	0.237360623373314	0.438396622459221	ODMSO
80	0.235045778584227	0.434810308953948	ODMSO
81	0.229703829070949	0.438865103919104	ODMSO
82	0.242083077344234	0.435699632626387	ODMSO
83	0.239264607442098	0.442551375849704	ODMSO
84	0.240642106645756	0.436067354468358	ODMSO
85	0.238168137893131	0.434888738582297	ODMSO
86	0.23141066237261	0.430004936768455	ODMSO
87	0.233687132465243	0.43352639677271	ODMSO
88	0.232344102968316	0.428346637578589	ODMSO
89	0.231571339876404	0.430566422927259	ODMSO
90	0.232516529018757	0.431591166909538	ODMSO
91	0.23895929471117	0.430361759345859	ODMSO
92	0.238832767498044	0.431161769869488	ODMSO
93	0.230389512142803	0.424207926887261	ODMSO
94	0.234347918927749	0.424547941852616	ODMSO
95	0.239777467487163	0.428407871242531	ODMSO
96	0.228304901975511	0.416779858291074	ODMSO
97	0.229703829070949	0.424085177151335	ODMSO
98	0.228292679267783	0.429691469653228	ODMSO
99	0.223064990080459	0.421840062789103	ODMSO
100	0.222131175365313	0.418413398877151	ODMSO
101	0.216191839125599	0.417869702838545	ODMSO
102	0.224190937173246	0.412237718225159	ODMSO
103	0.218069047569526	0.421054937079969	ODMSO
104	0.22452166410585	0.41078700369508	ODMSO
105	0.228598724738649	0.419615846054636	ODMSO
106	0.226335737735598	0.417928603766212	ODMSO
107	0.229703829070949	0.414874587001258	ODMSO
108	0.229703829070949	0.413810036438245	ODMSO
109	0.22091734380594	0.414238699532783	ODMSO
110	0.231079301101314	0.424811993683408	ODMSO
111	0.229022215334834	0.419871902536564	ODMSO
112	0.229703829070949	0.421773544187267	ODMSO
113	0.232344102968316	0.426717891987079	ODMSO
114	0.229703829070949	0.420182969049804	ODMSO
115	0.21709113962113	0.413327606851937	ODMSO
116	0.231016422379926	0.42633504283861	ODMSO
117	0.224462265186109	0.417998711218011	ODMSO
118	0.219658472114494	0.417890413799994	ODMSO
119	0.231016422379926	0.427680241348822	ODMSO
120	0.224599299536039	0.4181437686044	ODMSO
121	0.229703829070949	0.422533623418306	ODMSO
122	0.226335737735598	0.428323994555023	ODMSO
123	0.231101621134261	0.420755849791368	ODMSO
124	0.231016422379926	0.43687609245744	ODMSO
125	0.229703829070949	0.429105522850135	ODMSO
126	0.229703829070949	0.434123652355658	ODMSO
127	0.234591144583097	0.438757700670878	ODMSO
128	0.236148008891039	0.436219905330183	ODMSO
129	0.229703829070949	0.441232738462803	ODMSO
130	0.232101572589435	0.433699649166617	ODMSO
131	0.229703829070949	0.446875257507184	ODMSO
132	0.229703829070949	0.437800133840102	ODMSO
133	0.233948869033246	0.455145143682659	ODMSO
134	0.240783855383227	0.450187865909327	ODMSO
135	0.230759129970203	0.452551805210099	ODMSO
136	0.245017417675679	0.458788688504729	ODMSO
137	0.243541409135464	0.458510086437979	ODMSO
138	0.232471345083852	0.455298000006398	ODMSO
139	0.242083077344234	0.470007992171139	ODMSO
140	0.236555277661762	0.469181436177445	ODMSO
141	0.238050097741773	0.463037037059388	ODMSO
142	0.241544232631307	0.484169663500033	ODMSO
143	0.249306562842868	0.47915344163165	ODMSO
144	0.248969311509158	0.486876824185488	ODMSO
145	0.245017417675679	0.491353439183948	ODMSO
146	0.258616005772644	0.5052851510034	ODMSO
147	0.260824993009594	0.509474710260304	ODMSO
148	0.257502381633675	0.509857687432126	ODMSO
149	0.258938861861797	0.507070738237588	ODMSO
150	0.241667570168394	0.475450426224623	ODMSO
151	0.0367526126513519	0.498507547561555	ODMSO
152	0.40427873916487	0.613608543624601	ODMSO
153	0.40427873916487	0.682709669782169	ODMSO
154	0.40427873916487	0.742083951202015	ODMSO
155	0.40427873916487	0.789164581633907	ODMSO
156	0.40427873916487	0.836515402197402	ODMSO
157	0.40427873916487	0.840905991835957	ODMSO
158	0.40427873916487	0.85860344545598	ODMSO
159	0.40427873916487	0.86265629743003	ODMSO
160	0.40427873916487	0.857590232462467	ODMSO
161	0.40427873916487	0.859751753515294	ODMSO
162	0.40427873916487	0.85860344545598	ODMSO
163	0.40427873916487	0.834421428677476	ODMSO
164	0.40427873916487	0.821654944959215	ODMSO
165	0.40427873916487	0.822127777689521	ODMSO
166	0.40427873916487	0.823884013544943	ODMSO
167	0.40427873916487	0.804430324069499	ODMSO
168	0.40427873916487	0.786462680317873	ODMSO
169	0.40427873916487	0.770116177355868	ODMSO
170	0.40427873916487	0.759308572091732	ODMSO
171	0.40427873916487	0.734113342319715	ODMSO
172	0.40427873916487	0.728034064358639	ODMSO
173	0.40427873916487	0.729317467483755	ODMSO
174	0.40427873916487	0.696354271428141	ODMSO
175	0.40427873916487	0.694665583105619	ODMSO
176	0.40427873916487	0.671023946590322	ODMSO
177	0.40427873916487	0.653394040503201	ODMSO
178	0.40427873916487	0.643329458100974	ODMSO
179	0.40427873916487	0.63657470481089	ODMSO
180	0.40427873916487	0.619620274052776	ODMSO
181	0.40427873916487	0.619687821585677	ODMSO
182	0.40427873916487	0.597464683261298	ODMSO
183	0.40427873916487	0.579767229641276	ODMSO
184	0.0367526126513519	0.557881828981401	ODMSO
185	0.0367526126513519	0.552005193619027	ODMSO
186	0.0367526126513519	0.552140288684828	ODMSO
187	0.0367526126513519	0.541535326019395	ODMSO
188	0.0367526126513519	0.528701294768234	ODMSO
189	0.0367526126513519	0.515124240655163	ODMSO
190	0.0367526126513519	0.510666103483707	ODMSO
191	0.0367526126513519	0.505870228647747	ODMSO
192	0.0367526126513519	0.489793915817345	ODMSO
193	0.0367526126513519	0.490536938679254	ODMSO
194	0.0367526126513519	0.475541386375266	ODMSO
195	0.0367526126513519	0.455682411702416	ODMSO
196	0.0367526126513519	0.452575225188977	ODMSO
197	0.0367526126513519	0.447644255287215	ODMSO
198	0.0367526126513519	0.42332714344291	ODMSO
199	0.0367526126513519	0.417990888343743	ODMSO
200	0.0367526126513519	0.417585603146338	ODMSO
1	0.0318092331579574	0.0810676257122745	DIAA
2	0.0318092331579574	0.0793978496934841	DIAA
3	0.0318092331579574	0.0810676257122745	DIAA
4	0.0318092331579574	0.0927560578438074	DIAA
5	0.0318092331579574	0.0752234096465081	DIAA
6	0.0318092331579574	0.0902513938156218	DIAA
7	0.0318092331579574	0.0860769537686458	DIAA
8	0.0318092331579574	0.0785629616840889	DIAA
9	0.0318092331579574	0.0894165058062266	DIAA
10	0.0318092331579574	0.0919211698344122	DIAA
11	0.0318092331579574	0.0860769537686458	DIAA
12	0.0318092331579574	0.0702140815901369	DIAA
13	0.0318092331579574	0.0702140815901369	DIAA
14	0.0318092331579574	0.0710489695995321	DIAA
15	0.0318092331579574	0.0877467297874362	DIAA
16	0.0318092331579574	0.0793978496934841	DIAA
17	0.0318092331579574	0.0877467297874362	DIAA
18	0.0318092331579574	0.0944258338625979	DIAA
19	0.0318092331579574	0.0810676257122745	DIAA
20	0.0318092331579574	0.0835722897404602	DIAA
21	0.0318092331579574	0.0727187456183225	DIAA
22	0.0318092331579574	0.0743885216371129	DIAA
23	0.0318092331579574	0.0793978496934841	DIAA
24	0.0318092331579574	0.0752234096465081	DIAA
25	0.0318092331579574	0.0685443055713465	DIAA
26	0.0318092331579574	0.0793978496934841	DIAA
27	0.0318092331579574	0.0727187456183225	DIAA
28	0.0318092331579574	0.0710489695995321	DIAA
29	0.0318092331579574	0.0810676257122745	DIAA
30	0.0318092331579574	0.0768931856652985	DIAA
31	0.0318092331579574	0.0802327377028794	DIAA
32	0.0318092331579574	0.0877467297874362	DIAA
33	0.0318092331579574	0.0819025137216698	DIAA
34	0.0318092331579574	0.0877467297874362	DIAA
35	0.0318092331579574	0.0760582976559033	DIAA
36	0.0318092331579574	0.0885816177968314	DIAA
37	0.0318092331579574	0.0960956098813883	DIAA
38	0.0318092331579574	0.091086281825017	DIAA
39	0.0318092331579574	0.100270049928364	DIAA
40	0.0318092331579574	0.10110493793776	DIAA
41	0.0318092331579574	0.131995794285382	DIAA
42	0.0318092331579574	0.140344674379334	DIAA
43	0.0318092331579574	0.149528442482681	DIAA
44	0.0318092331579574	0.1637215386424	DIAA
45	0.0318092331579574	0.195447282999418	DIAA
46	0.0318092331579574	0.247210339581921	DIAA
47	0.0318092331579574	0.344057348671765	DIAA
48	0.0318092331579574	0.351571340756321	DIAA
49	0.0318092331579574	0.422536821554914	DIAA
50	0.349901564737531	0.683856768495614	DIAA
51	2.66509791323427	3.69116713789009	DIAA
52	1.84883990557081	2.91186834876863	DIAA
53	1.10572457929638	2.26526267141845	DIAA
54	0.93016169162258	1.80525939776116	DIAA
55	0.80659126936249	1.5372481152486	DIAA
56	0.690041565860451	1.3217488924358	DIAA
57	0.603278559892295	1.07930462761465	DIAA
58	0.632106556344025	1.11120042556826	DIAA
59	0.529280485824332	1.00471779293326	DIAA
60	0.530153885965956	1.03217282648559	DIAA
61	0.500551384719126	0.939200453365804	DIAA
62	0.46982160354368	0.901036756537377	DIAA
63	0.470822584648466	0.840695343784405	DIAA
64	0.480571148429572	0.833777244548593	DIAA
65	0.409048445561592	0.777092933817107	DIAA
66	0.359136503396293	0.780706274511092	DIAA
67	0.419992039531472	0.779604017459753	DIAA
68	0.422466377879121	0.764715339565857	DIAA
69	0.396721896689131	0.691646752292676	DIAA
70	0.423122818421886	0.745113937830374	DIAA
71	0.413520031053446	0.746475171729539	DIAA
72	0.404133699957655	0.69276776069913	DIAA
73	0.369057401280168	0.640469664890791	DIAA
74	0.349901564737531	0.689986426601903	DIAA
75	0.30893859541901	0.601137244589083	DIAA
76	0.386869051921103	0.664353176660243	DIAA
77	0.356574089783984	0.638559036137354	DIAA
78	0.31695016880909	0.592588805817371	DIAA
79	0.369057401280168	0.601080128900486	DIAA
80	0.328695409298893	0.577064535719254	DIAA
81	0.31658478498441	0.535651984175145	DIAA
82	0.361196436737157	0.58774965634123	DIAA
83	0.333115172701402	0.57245212999501	DIAA
84	0.335675324782465	0.600879350084847	DIAA
85	0.360981185275696	0.556777896016469	DIAA
86	0.355315902296332	0.586918920131455	DIAA
87	0.358485008605551	0.586703245566865	DIAA
88	0.352173652820242	0.559579056217035	DIAA
89	0.330171787209178	0.553597072152622	DIAA
90	0.329794725049056	0.537421616765156	DIAA
91	0.323982930312529	0.49460874858297	DIAA
92	0.306237958974124	0.535035401230152	DIAA
93	0.315226634898677	0.542804249615169	DIAA
94	0.309003979248729	0.542460776721075	DIAA
95	0.323982930312529	0.555057625130643	DIAA
96	0.317469841693899	0.54275202030772	DIAA
97	0.320948945228202	0.527744056840461	DIAA
98	0.304916909561485	0.52942551367814	DIAA
99	0.339629833196941	0.547428288665922	DIAA
100	0.291741487543396	0.492491583942744	DIAA
101	0.355987807904938	0.576942957867006	DIAA
102	0.342959484536934	0.542213718983569	DIAA
103	0.330095815790124	0.526110049680691	DIAA
104	0.310427456119825	0.522186168864893	DIAA
105	0.330171787209178	0.520694610867724	DIAA
106	0.327010808165917	0.513183346639779	DIAA
107	0.336443812247626	0.498433409146808	DIAA
108	0.316548194047634	0.524840852722504	DIAA
109	0.318092331579574	0.507276066175528	DIAA
110	0.333096686842761	0.535404820699632	DIAA
111	0.285120993896729	0.524980507961646	DIAA
112	0.310694835496328	0.501221546860758	DIAA
113	0.293478044016869	0.49595030522308	DIAA
114	0.336443812247626	0.526501953234488	DIAA
115	0.290880893184861	0.495635817894792	DIAA
116	0.287561147968141	0.474169243251108	DIAA
117	0.359136503396293	0.532644097257948	DIAA
118	0.315226634898677	0.543136848213515	DIAA
119	0.309256433480141	0.515219637933078	DIAA
120	0.303633589235048	0.507277005050705	DIAA
121	0.325757207039322	0.538233099020131	DIAA
122	0.336128494710374	0.540012926548752	DIAA
123	0.345805850059521	0.566265394279289	DIAA
124	0.301639279946147	0.516665683304664	DIAA
125	0.333137239154283	0.53758851621781	DIAA
126	0.320558163607322	0.548651381277398	DIAA
127	0.308954248182623	0.52133513533719	DIAA
128	0.339056919747145	0.55671407834099	DIAA
129	0.33654820064733	0.560903435024709	DIAA
130	0.318092331579574	0.533134094114899	DIAA
131	0.325231560966646	0.489298705829255	DIAA
132	0.323306959966124	0.506413294541858	DIAA
133	0.339710257026729	0.540224331375317	DIAA
134	0.297911247098694	0.499171021385176	DIAA
135	0.318092331579574	0.556983203579502	DIAA
136	0.322636507744996	0.502722196447572	DIAA
137	0.318092331579574	0.520283127929923	DIAA
138	0.31695016880909	0.510358924475184	DIAA
139	0.341349082237514	0.527259930308415	DIAA
140	0.334091058315824	0.538497017079147	DIAA
141	0.307831288625394	0.497935675869141	DIAA
142	0.343584051531944	0.539287615509182	DIAA
143	0.318092331579574	0.524228530588662	DIAA
144	0.317469841693899	0.540155778221261	DIAA
145	0.333115172701402	0.552262703700823	DIAA
146	0.362440660893923	0.567278526359565	DIAA
147	0.333239585464315	0.575140910611664	DIAA
148	0.3368777249655	0.551713243813494	DIAA
149	0.36268471451129	0.622883382342685	DIAA
150	0.329993745346156	0.542077126006955	DIAA
151	0.349901564737531	0.620405279781578	DIAA
152	0.349901564737531	0.734784937068721	DIAA
153	0.667993896317105	0.763171129388158	DIAA
154	0.349901564737531	0.863357690515583	DIAA
155	0.667993896317105	0.903432314966553	DIAA
156	0.667993896317105	0.936827835342361	DIAA
157	0.667993896317105	0.900092762928972	DIAA
158	0.667993896317105	0.873376346628326	DIAA
159	0.667993896317105	0.920964963163852	DIAA
160	0.667993896317105	0.911781195060505	DIAA
161	0.667993896317105	0.915120747098086	DIAA
162	0.667993896317105	0.833301722177356	DIAA
163	0.667993896317105	0.84999948236526	DIAA
164	0.667993896317105	0.865027466534373	DIAA
165	0.667993896317105	0.969388467708774	DIAA
166	0.667993896317105	0.930983619276595	DIAA
167	0.667993896317105	0.881725226722278	DIAA
168	0.667993896317105	0.855843698431026	DIAA
169	0.667993896317105	0.847494818337074	DIAA
170	0.667993896317105	0.822448178055218	DIAA
171	0.667993896317105	0.839145938243122	DIAA
172	0.349901564737531	0.775694449529086	DIAA
173	0.349901564737531	0.802410865829733	DIAA
174	0.349901564737531	0.753152473275416	DIAA
175	0.349901564737531	0.775694449529086	DIAA
176	0.349901564737531	0.703059192711703	DIAA
177	0.667993896317105	0.741464041143883	DIAA
178	0.349901564737531	0.752317585266021	DIAA
179	0.349901564737531	0.717252288871422	DIAA
180	0.349901564737531	0.700554528683518	DIAA
181	0.349901564737531	0.726436056974769	DIAA
182	0.349901564737531	0.650461248119805	DIAA
183	0.349901564737531	0.622075055800368	DIAA
184	0.349901564737531	0.644617032054039	DIAA
185	0.349901564737531	0.663819456270129	DIAA
186	0.349901564737531	0.627919271866135	DIAA
187	0.349901564737531	0.662149680251338	DIAA
188	0.349901564737531	0.623744831819159	DIAA
189	0.349901564737531	0.602872631584279	DIAA
190	0.349901564737531	0.622075055800368	DIAA
191	0.349901564737531	0.52773271073871	DIAA
192	0.349901564737531	0.562798007133309	DIAA
193	0.349901564737531	0.552779351020566	DIAA
194	0.349901564737531	0.536081590832662	DIAA
195	0.349901564737531	0.606212183621859	DIAA
196	0.349901564737531	0.577825991302422	DIAA
197	0.349901564737531	0.509365174532015	DIAA
198	0.349901564737531	0.490162750315926	DIAA
199	0.349901564737531	0.538586254860848	DIAA
200	0.349901564737531	0.490997638325321	DIAA
1	0.0318092331579574	0.107926898240958	OIAA
2	0.0318092331579574	0.105997648665121	OIAA
3	0.0318092331579574	0.102139149513448	OIAA
4	0.0318092331579574	0.101320679996427	OIAA
5	0.0318092331579574	0.0986898851202864	OIAA
6	0.0318092331579574	0.0992160440955145	OIAA
7	0.0318092331579574	0.101320679996427	OIAA
8	0.0318092331579574	0.0972283324113194	OIAA
9	0.0318092331579574	0.0963514007859392	OIAA
10	0.0318092331579574	0.0970529460862434	OIAA
11	0.0318092331579574	0.098572960903569	OIAA
12	0.0318092331579574	0.0964098628942979	OIAA
13	0.0318092331579574	0.098397574578493	OIAA
14	0.0318092331579574	0.0948898480769722	OIAA
15	0.0318092331579574	0.098572960903569	OIAA
16	0.0318092331579574	0.0981637261450583	OIAA
17	0.0318092331579574	0.0947729238602549	OIAA
18	0.0318092331579574	0.0994498925289492	OIAA
19	0.0318092331579574	0.09676063554445	OIAA
20	0.0318092331579574	0.0944221512101028	OIAA
21	0.0318092331579574	0.0922590532008317	OIAA
22	0.0318092331579574	0.0933113711512879	OIAA
23	0.0318092331579574	0.09366214380144	OIAA
24	0.0318092331579574	0.095474469160559	OIAA
25	0.0318092331579574	0.0959421660274285	OIAA
26	0.0318092331579574	0.0927852121760598	OIAA
27	0.0318092331579574	0.093486757476364	OIAA
28	0.0318092331579574	0.0910898110336581	OIAA
29	0.0318092331579574	0.0905051899500713	OIAA
30	0.0318092331579574	0.0933698332596466	OIAA
31	0.0318092331579574	0.0900374930832019	OIAA
32	0.0318092331579574	0.092375977417549	OIAA
33	0.0318092331579574	0.0978714156032649	OIAA
34	0.0318092331579574	0.0919082805506796	OIAA
35	0.0318092331579574	0.09676063554445	OIAA
36	0.0318092331579574	0.0940129164515921	OIAA
37	0.0318092331579574	0.0990406577704385	OIAA
38	0.0318092331579574	0.101086831562992	OIAA
39	0.0318092331579574	0.110265382575305	OIAA
40	0.0318092331579574	0.110206920466946	OIAA
41	0.0318092331579574	0.11313002588488	OIAA
42	0.0318092331579574	0.129265567791876	OIAA
43	0.0318092331579574	0.139554898863003	OIAA
44	0.0318092331579574	0.15475504703626	OIAA
45	0.0318092331579574	0.178256814596449	OIAA
46	0.0318092331579574	0.21274945852807	OIAA
47	0.0318092331579574	0.235841991329748	OIAA
48	0.0318092331579574	0.278577792539942	OIAA
49	0.0318092331579574	0.329615213137069	OIAA
50	0.0318092331579574	0.500324569544413	OIAA
51	1.15414031812058	2.77810382466471	OIAA
52	0.632620603421561	1.76066087354118	OIAA
53	0.507103717010915	1.31293574731584	OIAA
54	0.444182985539044	1.08988334749721	OIAA
55	0.418324550645012	0.952730237555251	OIAA
56	0.369386251861805	0.856433482911231	OIAA
57	0.353435923977304	0.791460445436713	OIAA
58	0.34432675067892	0.749338679842122	OIAA
59	0.325721852447718	0.708084122753523	OIAA
60	0.318092331579574	0.675694370396974	OIAA
61	0.309801859288748	0.656690672133989	OIAA
62	0.318092331579574	0.640866271150724	OIAA
63	0.300636045090451	0.615674881006116	OIAA
64	0.289174846890522	0.602007491853338	OIAA
65	0.289174846890522	0.581475216800834	OIAA
66	0.284073636802045	0.564212931086994	OIAA
67	0.283358111464563	0.561891376441418	OIAA
68	0.289174846890522	0.551128862609204	OIAA
69	0.281853964690762	0.536938189099159	OIAA
70	0.267232040080401	0.529866775322125	OIAA
71	0.27717589058801	0.525177398458977	OIAA
72	0.275513043100418	0.50937502108738	OIAA
73	0.265076942982978	0.516440181194033	OIAA
74	0.265076942982978	0.513843028075791	OIAA
75	0.25172774441549	0.494135584989908	OIAA
76	0.262514861006191	0.500093006086917	OIAA
77	0.253990074645287	0.485986110707919	OIAA
78	0.252747782844235	0.478639462023131	OIAA
79	0.247655303656493	0.482340635089464	OIAA
80	0.247139405487889	0.476539419608101	OIAA
81	0.244686408907364	0.468255861963408	OIAA
82	0.244686408907364	0.470543486731178	OIAA
83	0.259186344250023	0.491490983946045	OIAA
84	0.249929689098237	0.47062124204082	OIAA
85	0.245585991293053	0.464104293145872	OIAA
86	0.253190084553248	0.470170339686569	OIAA
87	0.244686408907364	0.463675122823361	OIAA
88	0.244686408907364	0.448614104636206	OIAA
89	0.242987197734397	0.453419928893341	OIAA
90	0.244686408907364	0.454951369743604	OIAA
91	0.24115303116141	0.453357834314616	OIAA
92	0.244686408907364	0.447946818345456	OIAA
93	0.244686408907364	0.441147235573815	OIAA
94	0.24115303116141	0.451791009724108	OIAA
95	0.232112595499997	0.43463421579454	OIAA
96	0.235836990863698	0.44065470740678	OIAA
97	0.244686408907364	0.449319687092559	OIAA
98	0.234343384376256	0.442014351839327	OIAA
99	0.23438382326916	0.441337571060407	OIAA
100	0.22668648917165	0.430261900061776	OIAA
101	0.227208808271124	0.428660029333329	OIAA
102	0.232567506579405	0.43271350268405	OIAA
103	0.227208808271124	0.427997025048277	OIAA
104	0.230198397853639	0.426832628181821	OIAA
105	0.231942325110106	0.42795437269209	OIAA
106	0.234833264924518	0.432786127264677	OIAA
107	0.227208808271124	0.428442840718423	OIAA
108	0.224471352749785	0.42521490703064	OIAA
109	0.224352831630845	0.419113621874013	OIAA
110	0.227208808271124	0.418565648990682	OIAA
111	0.227208808271124	0.422909862186551	OIAA
112	0.22800324466368	0.425870579998424	OIAA
113	0.223701296651158	0.413948952448049	OIAA
114	0.227208808271124	0.426257138733342	OIAA
115	0.227208808271124	0.422332740787081	OIAA
116	0.227208808271124	0.42346645518354	OIAA
117	0.23123733324047	0.424601711455266	OIAA
118	0.227309655500716	0.427445588600593	OIAA
119	0.227208808271124	0.414906241801827	OIAA
120	0.232100863951603	0.420713541509783	OIAA
121	0.23613841208964	0.425943418570767	OIAA
122	0.227208808271124	0.421762628736794	OIAA
123	0.227208808271124	0.420014806619757	OIAA
124	0.235911998156	0.426832473024395	OIAA
125	0.235905796147531	0.426577301641075	OIAA
126	0.231722890554656	0.426211567198188	OIAA
127	0.231722890554656	0.431289558465481	OIAA
128	0.234945095614038	0.432475158085365	OIAA
129	0.230198397853639	0.424982851731595	OIAA
130	0.227208808271124	0.431215727836713	OIAA
131	0.224159025609767	0.429020248635175	OIAA
132	0.227208808271124	0.433129838149949	OIAA
133	0.227208808271124	0.436490978155631	OIAA
134	0.228693833161785	0.441999813291974	OIAA
135	0.235342775154339	0.442398976024729	OIAA
136	0.22876503298531	0.436130912561036	OIAA
137	0.236761905891614	0.44307597684185	OIAA
138	0.234945095614038	0.446862533694523	OIAA
139	0.228820218258863	0.451680732147753	OIAA
140	0.237720247799681	0.451135013886985	OIAA
141	0.238028275331654	0.453179065797729	OIAA
142	0.244686408907364	0.473706023930286	OIAA
143	0.244686408907364	0.468127289660902	OIAA
144	0.241940551450798	0.464222376767025	OIAA
145	0.244686408907364	0.4739984047216	OIAA
146	0.244686408907364	0.473811508445564	OIAA
147	0.244686408907364	0.484787956491344	OIAA
148	0.252651461280651	0.488203710152925	OIAA
149	0.244686408907364	0.486290638028297	OIAA
150	0.236419976174007	0.459805085766044	OIAA
151	0.349901564737531	0.504358455021162	OIAA
152	0.349901564737531	0.591057761717083	OIAA
153	0.349901564737531	0.636482819911777	OIAA
154	0.349901564737531	0.682550961298416	OIAA
155	0.349901564737531	0.726456004675784	OIAA
156	0.349901564737531	0.748379295310289	OIAA
157	0.349901564737531	0.766502548901479	OIAA
158	0.349901564737531	0.781293462316225	OIAA
159	0.349901564737531	0.773810312446314	OIAA
160	0.349901564737531	0.778662667440084	OIAA
161	0.349901564737531	0.77486263039677	OIAA
162	0.349901564737531	0.765684079384458	OIAA
163	0.349901564737531	0.763520981375187	OIAA
164	0.349901564737531	0.758902474814851	OIAA
165	0.349901564737531	0.751594711270016	OIAA
166	0.349901564737531	0.754751665121385	OIAA
167	0.349901564737531	0.736628411530194	OIAA
168	0.349901564737531	0.719908248539612	OIAA
169	0.349901564737531	0.698978813747205	OIAA
170	0.349901564737531	0.711840477586114	OIAA
171	0.349901564737531	0.688221785809208	OIAA
172	0.349901564737531	0.69430184507851	OIAA
173	0.349901564737531	0.676821674679265	OIAA
174	0.349901564737531	0.663843086623638	OIAA
175	0.349901564737531	0.653027596577283	OIAA
176	0.349901564737531	0.647181385741415	OIAA
177	0.349901564737531	0.639464387438069	OIAA
178	0.349901564737531	0.634202797685788	OIAA
179	0.349901564737531	0.618067255778793	OIAA
180	0.349901564737531	0.609356401633349	OIAA
181	0.349901564737531	0.611753348076055	OIAA
182	0.349901564737531	0.606082523565263	OIAA
183	0.349901564737531	0.582113059138205	OIAA
184	0.349901564737531	0.56550982036434	OIAA
185	0.349901564737531	0.564223653980449	OIAA
186	0.349901564737531	0.557909746277712	OIAA
187	0.349901564737531	0.551654300683333	OIAA
188	0.349901564737531	0.550251210082725	OIAA
189	0.349901564737531	0.532069494383176	OIAA
190	0.349901564737531	0.537038773593663	OIAA
191	0.349901564737531	0.529847934265546	OIAA
192	0.349901564737531	0.523183253912656	OIAA
193	0.349901564737531	0.51768781572694	OIAA
194	0.349901564737531	0.511373908024203	OIAA
195	0.349901564737531	0.499330713702315	OIAA
196	0.349901564737531	0.490386011123437	OIAA
197	0.349901564737531	0.497635312559913	OIAA
198	0.349901564737531	0.474133544999724	OIAA
199	0.349901564737531	0.462967282303217	OIAA
200	0.349901564737531	0.46191496435276	OIAA
